Name,Value
Schedule,Mouse dPAL v3
Environment,Chamber2 [2]
Date/Time,08/02/2018 08:45:48
Database,Fmr1_PAL_2018
SessionId,98
Index,6
Version,N/A
MachineName,CI24689-2
SGuid,
Animal ID,341-red
Application_Version,ABET II Touch 2.20.6316.18149
Max_Number_Trials,36
Max_Schedule_Time,3600
Schedule_Start_Time,2018-02-08T08:45:54.248

----------
Evnt_Time,Evnt_ID,Evnt_Name,Item_Name,Alias_Name,Group_ID,Num_Args,Arg1_Name,Arg1_Value,Arg2_Name,Arg2_Value,Arg3_Name,Arg3_Value,Arg4_Name,Arg4_Value,Arg5_Name,Arg5_Value
0,28,Input Definition,(SYSTEM),,0,5,Tray #1,0,BIRBeam #1,1,FIRBeam #1,2,RightFIRBeam #1,3,FeederFault #1,4
0,28,Input Definition,(SYSTEM),,0,1,FeederReport #1,5,,,,,,,,
0,27,Output Definition,(SYSTEM),,0,5,HouseLight #1,0,TrayLight #1,1,Feeder #1,2,Sound_On #1,3,White_Noise_Off #1,4
0,27,Output Definition,(SYSTEM),,0,3,Sound #1,5,Sound #2,6,Sound #3,7,,,,
0,16,Variable Event,_Schedule_Timer,,0,1,Value,0,,,,,,,,
0,16,Variable Event,_Trial_Counter,,0,1,Value,0,,,,,,,,
0,16,Variable Event,_Trial_Timer,,0,1,Value,0,,,,,,,,
0,16,Variable Event,A1Sound1,,0,1,Value,0,,,,,,,,
0,16,Variable Event,A2Sound2,,0,1,Value,1,,,,,,,,
0,16,Variable Event,A3Sound3,,0,1,Value,0,,,,,,,,
0,16,Variable Event,Blank_Touches,,0,1,Value,0,,,,,,,,
0,16,Variable Event,Centre_Touches_during_ITI,,0,1,Value,0,,,,,,,,
0,16,Variable Event,Click_Time,,0,1,Value,200,,,,,,,,
0,16,Variable Event,Corr_ITI,,0,1,Value,20,,,,,,,,
0,16,Variable Event,Correct_Counter,,0,1,Value,0,,,,,,,,
0,16,Variable Event,Correct_Grid_Position,,0,1,Value,0,,,,,,,,
0,16,Variable Event,Correct_Image,,0,1,Value,1,,,,,,,,
0,16,Variable Event,Correct_Percent,,0,1,Value,0,,,,,,,,
0,16,Variable Event,Correction_Counter,,0,1,Value,0,,,,,,,,
0,16,Variable Event,Correction_Trial,,0,1,Value,0,,,,,,,,
0,16,Variable Event,Correction_Trial_Correct_Counter,,0,1,Value,0,,,,,,,,
0,16,Variable Event,Correction_Trials_Set,,0,1,Value,1,,,,,,,,
0,16,Variable Event,Feeder_Pulse_Time,,0,1,Value,280,,,,,,,,
0,16,Variable Event,First_Analysis,,0,1,Value,1,,,,,,,,
0,16,Variable Event,First_Trial,,0,1,Value,1,,,,,,,,
0,16,Variable Event,Houselight_Normally_On,,0,1,Value,0,,,,,,,,
0,16,Variable Event,Incorrect_Grid_Position,,0,1,Value,0,,,,,,,,
0,16,Variable Event,Incorrect_Image,,0,1,Value,0,,,,,,,,
0,16,Variable Event,Increment_this_trial,,0,1,Value,1,,,,,,,,
0,16,Variable Event,Initiate_Click_On,,0,1,Value,0,,,,,,,,
0,16,Variable Event,ITI,,0,1,Value,20,,,,,,,,
0,16,Variable Event,ITI_Timer,,0,1,Value,0,,,,,,,,
0,16,Variable Event,Left_Touches_during_ITI,,0,1,Value,0,,,,,,,,
0,16,Variable Event,No_Incorrects_before_Correction_Trial,,0,1,Value,1,,,,,,,,
0,16,Variable Event,Right_touches_during_ITI,,0,1,Value,0,,,,,,,,
0,16,Variable Event,Sequential_Correction_Trials,,0,1,Value,0,,,,,,,,
0,16,Variable Event,Time_Out,,0,1,Value,5,,,,,,,,
0,16,Variable Event,Time_Out_Timer,,0,1,Value,0,,,,,,,,
0,16,Variable Event,Tone_Duration,,0,1,Value,1000,,,,,,,,
0,16,Variable Event,Total_No_Correction_Trials,,0,1,Value,0,,,,,,,,
0,16,Variable Event,Trial,,0,1,Value,0,,,,,,,,
0,16,Variable Event,Wrong_Tone_Duration,,0,1,Value,500,,,,,,,,
0,16,Variable Event,Wrong_Tone_On,,0,1,Value,0,,,,,,,,
0,37,Image List Definition,Background,,0,1,Bussey Mouse Operant Mode 3 x 1 x low,4,,,,,,,,
0,36,List Array - Write,Background,,0,1,Image 1,1,,,,,,,,
0,17,List Change - Set,Background,,0,2,Index,1,Value,1,,,,,,
0,22,List Array - Write,Grid_Position,,0,3,Item #1,1,Item #2,2,Item #3,3,,,,
0,17,List Change - Set,Grid_Position,,0,2,Index,1,Value,1,,,,,,
0,37,Image List Definition,Images,,0,1,Bussey Mouse Operant Mode 3 x 1 x low,4,,,,,,,,
0,36,List Array - Write,Images,,0,3,Image 1,1,Image 2,2,Image 3,3,,,,
0,17,List Change - Set,Images,,0,2,Index,1,Value,1,,,,,,
0,22,List Array - Write,Trial_Type,,0,5,Item #1,1,Item #2,1,Item #3,1,Item #4,1,Item #5,1
0,22,List Array - Write,Trial_Type,,0,5,Item #6,1,Item #7,2,Item #8,2,Item #9,2,Item #10,2
0,22,List Array - Write,Trial_Type,,0,5,Item #11,2,Item #12,2,Item #13,3,Item #14,3,Item #15,3
0,22,List Array - Write,Trial_Type,,0,5,Item #16,3,Item #17,3,Item #18,3,Item #19,4,Item #20,4
0,22,List Array - Write,Trial_Type,,0,5,Item #21,4,Item #22,4,Item #23,4,Item #24,4,Item #25,5
0,22,List Array - Write,Trial_Type,,0,5,Item #26,5,Item #27,5,Item #28,5,Item #29,5,Item #30,5
0,22,List Array - Write,Trial_Type,,0,5,Item #31,6,Item #32,6,Item #33,6,Item #34,6,Item #35,6
0,22,List Array - Write,Trial_Type,,0,1,Item #36,6,,,,,,,,
0,17,List Change - Set,Trial_Type,,0,2,Index,35,Value,6,,,,,,
0,0,Schedule Startup Event,(SYSTEM),,0,0,,,,,,,,,,
0,29,Timer Event,_Schedule_Timer,,0,1,Value,0,,,,,,,,
0,21,Group Change Event,Group Change,,0,1,New Group,1,,,,,,,,
0.004,1,Condition Event,Set Blank Images,,1,0,,,,,,,,,,
0.004,32,Whisker - Display Image,Bussey Mouse Operant Mode 3 x 1 x low,Background,1,2,Position,1,Image 1,0,,,,,,
0.004,32,Whisker - Display Image,Bussey Mouse Operant Mode 3 x 1 x low,Background,1,2,Position,2,Image 1,0,,,,,,
0.004,32,Whisker - Display Image,Bussey Mouse Operant Mode 3 x 1 x low,Background,1,2,Position,3,Image 1,0,,,,,,
0.004,3,Output On Event,White_Noise_Off #1,,1,0,,,,,,,,,,
0.004,3,Output On Event,Sound #2,,1,0,,,,,,,,,,
0.004,16,Variable Event,Click_Time,,1,1,Value,0,,,,,,,,
0.004,16,Variable Event,Wrong_Tone_Duration,,1,1,Value,0,,,,,,,,
0.004,21,Group Change Event,Group Change,,1,1,New Group,2,,,,,,,,
0.006,1,Condition Event,Free Feed,,2,0,,,,,,,,,,
0.006,3,Output On Event,TrayLight #1,,2,0,,,,,,,,,,
0.006,7,Pulse Output Event,Feeder #1,,2,1,Duration,0.28,,,,,,,,
0.006,16,Variable Event,First_Trial,,2,1,Value,1,,,,,,,,
0.006,21,Group Change Event,Group Change,,2,1,New Group,3,,,,,,,,
0.12,31,Touch Up Event,Bussey Mouse Operant Mode 3 x 1 x low,,3,4,Position,2,Image 1,0,CoordX,116,CoordY,74,,
0.537,38,Input Transition On Event,FIRBeam #1,,3,0,,,,,,,,,,
0.764,39,Input Transition Off Event,FIRBeam #1,,3,0,,,,,,,,,,
0.89,38,Input Transition On Event,BIRBeam #1,,3,0,,,,,,,,,,
1.152,38,Input Transition On Event,Tray #1,,3,0,,,,,,,,,,
1.152,1,Condition Event,Tray Entry no Increment Trial,,3,0,,,,,,,,,,
1.152,4,Output Off Event,TrayLight #1,,3,0,,,,,,,,,,
1.152,4,Output Off Event,Sound #1,,3,0,,,,,,,,,,
1.152,4,Output Off Event,Sound #2,,3,0,,,,,,,,,,
1.152,4,Output Off Event,Sound #3,,3,0,,,,,,,,,,
1.152,7,Pulse Output Event,Sound_On #1,,3,1,Duration,0,,,,,,,,
1.152,16,Variable Event,Correction_Trial,,3,1,Value,0,,,,,,,,
1.152,21,Group Change Event,Group Change,,3,1,New Group,4,,,,,,,,
5.98,39,Input Transition Off Event,Tray #1,,4,0,,,,,,,,,,
5.98,1,Condition Event,Start Trial,,4,0,,,,,,,,,,
5.98,16,Variable Event,Trial,,4,1,Value,6,,,,,,,,
5.98,21,Group Change Event,Group Change,,4,1,New Group,5,,,,,,,,
5.98,1,Condition Event,Set for Trial 6,,5,0,,,,,,,,,,
5.98,16,Variable Event,Correct_Grid_Position,,5,1,Value,3,,,,,,,,
5.98,16,Variable Event,Correct_Image,,5,1,Value,3,,,,,,,,
5.98,16,Variable Event,Incorrect_Grid_Position,,5,1,Value,2,,,,,,,,
5.98,16,Variable Event,Incorrect_Image,,5,1,Value,1,,,,,,,,
5.98,21,Group Change Event,Group Change,,5,1,New Group,6,,,,,,,,
5.98,1,Condition Event,Display Images,,6,0,,,,,,,,,,
5.98,32,Whisker - Display Image,Bussey Mouse Operant Mode 3 x 1 x low,Images,6,2,Position,3,Image 3,2,,,,,,
5.98,32,Whisker - Display Image,Bussey Mouse Operant Mode 3 x 1 x low,Images,6,2,Position,2,Image 1,0,,,,,,
5.98,21,Group Change Event,Group Change,,6,1,New Group,7,,,,,,,,
6.993,39,Input Transition Off Event,BIRBeam #1,,7,0,,,,,,,,,,
7.387,38,Input Transition On Event,FIRBeam #1,,7,0,,,,,,,,,,
9.181,39,Input Transition Off Event,FIRBeam #1,,7,0,,,,,,,,,,
9.955,30,Touch Down Event,Bussey Mouse Operant Mode 3 x 1 x low,,7,4,Position,3,Image 3,2,CoordX,146,CoordY,212,,
9.956,1,Condition Event,Correct,,7,0,,,,,,,,,,
9.956,32,Whisker - Display Image,Bussey Mouse Operant Mode 3 x 1 x low,Background,7,2,Position,3,Image 1,0,,,,,,
9.956,32,Whisker - Display Image,Bussey Mouse Operant Mode 3 x 1 x low,Background,7,2,Position,2,Image 1,0,,,,,,
9.956,7,Pulse Output Event,Feeder #1,,7,1,Duration,0.28,,,,,,,,
9.956,3,Output On Event,TrayLight #1,,7,0,,,,,,,,,,
9.956,16,Variable Event,Correction_Counter,,7,1,Value,0,,,,,,,,
9.956,21,Group Change Event,Group Change,,7,1,New Group,19,,,,,,,,
9.956,1,Condition Event,Reset Sound Levels to Zero,,19,0,,,,,,,,,,
9.956,4,Output Off Event,Sound #1,,19,0,,,,,,,,,,
9.956,4,Output Off Event,Sound #2,,19,0,,,,,,,,,,
9.956,4,Output Off Event,Sound #3,,19,0,,,,,,,,,,
9.956,21,Group Change Event,Group Change,,19,1,New Group,20,,,,,,,,
9.956,1,Condition Event,Adjust Sound Level 2,,20,0,,,,,,,,,,
9.956,3,Output On Event,Sound #2,,20,0,,,,,,,,,,
9.956,1,Condition Event,NoTone Fall Through,,20,0,,,,,,,,,,
9.956,21,Group Change Event,Group Change,,20,1,New Group,21,,,,,,,,
9.956,1,Condition Event,Play Tone,,21,0,,,,,,,,,,
9.956,7,Pulse Output Event,Sound_On #1,,21,1,Duration,1,,,,,,,,
9.956,21,Group Change Event,Group Change,,21,1,New Group,8,,,,,,,,
9.956,1,Condition Event,Increment counter,,8,0,,,,,,,,,,
9.956,16,Variable Event,Correct_Counter,,8,1,Value,1,,,,,,,,
9.956,16,Variable Event,First_Analysis,,8,1,Value,0,,,,,,,,
9.956,61,Group Maintain Event,Group Change,,8,1,New Group,8,,,,,,,,
10.249,31,Touch Up Event,Bussey Mouse Operant Mode 3 x 1 x low,,8,4,Position,3,Image 1,0,CoordX,29,CoordY,212,,
10.475,38,Input Transition On Event,FIRBeam #1,,8,0,,,,,,,,,,
10.765,39,Input Transition Off Event,FIRBeam #1,,8,0,,,,,,,,,,
10.98,38,Input Transition On Event,BIRBeam #1,,8,0,,,,,,,,,,
11.31,38,Input Transition On Event,Tray #1,,8,0,,,,,,,,,,
11.311,1,Condition Event,Reward Collected Start ITI,,8,0,,,,,,,,,,
11.311,4,Output Off Event,TrayLight #1,,8,0,,,,,,,,,,
11.311,29,Timer Event,ITI_Timer,,8,1,Value,0,,,,,,,,
11.311,21,Group Change Event,Group Change,,8,1,New Group,9,,,,,,,,
14.619,39,Input Transition Off Event,Tray #1,,9,0,,,,,,,,,,
17.432,38,Input Transition On Event,Tray #1,,9,0,,,,,,,,,,
17.655,39,Input Transition Off Event,Tray #1,,9,0,,,,,,,,,,
26.275,38,Input Transition On Event,Tray #1,,9,0,,,,,,,,,,
28.213,39,Input Transition Off Event,Tray #1,,9,0,,,,,,,,,,
29.326,38,Input Transition On Event,Tray #1,,9,0,,,,,,,,,,
29.739,39,Input Transition Off Event,Tray #1,,9,0,,,,,,,,,,
29.978,38,Input Transition On Event,Tray #1,,9,0,,,,,,,,,,
31.311,1,Condition Event,Next trial,,9,0,,,,,,,,,,
31.311,3,Output On Event,TrayLight #1,,9,0,,,,,,,,,,
31.311,16,Variable Event,First_Trial,,9,1,Value,0,,,,,,,,
31.311,16,Variable Event,First_Analysis,,9,1,Value,1,,,,,,,,
31.311,16,Variable Event,ITI,,9,1,Value,20,,,,,,,,
31.311,21,Group Change Event,Group Change,,9,1,New Group,15,,,,,,,,
31.311,1,Condition Event,Next trial non corrected Trial,,15,0,,,,,,,,,,
31.311,19,List Change - Next Value,Trial_Type,,15,2,Index,27,Value,5,,,,,,
31.311,21,Group Change Event,Group Change,,15,1,New Group,3,,,,,,,,
31.311,1,Condition Event,Tray Entry and Trial Increment,,3,0,,,,,,,,,,
31.311,4,Output Off Event,TrayLight #1,,3,0,,,,,,,,,,
31.311,4,Output Off Event,Sound #1,,3,0,,,,,,,,,,
31.311,4,Output Off Event,Sound #2,,3,0,,,,,,,,,,
31.311,4,Output Off Event,Sound #3,,3,0,,,,,,,,,,
31.311,7,Pulse Output Event,Sound_On #1,,3,1,Duration,0,,,,,,,,
31.311,16,Variable Event,_Trial_Counter,,3,1,Value,1,,,,,,,,
31.311,16,Variable Event,Correct_Percent,,3,1,Value,1,,,,,,,,
31.311,16,Variable Event,Correct_Percent,,3,1,Value,1,,,,,,,,
31.311,16,Variable Event,Correct_Percent,,3,1,Value,100,,,,,,,,
31.311,21,Group Change Event,Group Change,,3,1,New Group,4,,,,,,,,
31.868,39,Input Transition Off Event,Tray #1,,4,0,,,,,,,,,,
31.868,1,Condition Event,Start Trial,,4,0,,,,,,,,,,
31.868,16,Variable Event,Trial,,4,1,Value,5,,,,,,,,
31.868,21,Group Change Event,Group Change,,4,1,New Group,5,,,,,,,,
31.868,1,Condition Event,Set for Trial 5,,5,0,,,,,,,,,,
31.868,16,Variable Event,Correct_Grid_Position,,5,1,Value,3,,,,,,,,
31.868,16,Variable Event,Correct_Image,,5,1,Value,3,,,,,,,,
31.868,16,Variable Event,Incorrect_Grid_Position,,5,1,Value,1,,,,,,,,
31.868,16,Variable Event,Incorrect_Image,,5,1,Value,2,,,,,,,,
31.868,21,Group Change Event,Group Change,,5,1,New Group,6,,,,,,,,
31.869,1,Condition Event,Display Images,,6,0,,,,,,,,,,
31.869,32,Whisker - Display Image,Bussey Mouse Operant Mode 3 x 1 x low,Images,6,2,Position,3,Image 3,2,,,,,,
31.869,32,Whisker - Display Image,Bussey Mouse Operant Mode 3 x 1 x low,Images,6,2,Position,1,Image 2,1,,,,,,
31.869,21,Group Change Event,Group Change,,6,1,New Group,7,,,,,,,,
33.084,39,Input Transition Off Event,BIRBeam #1,,7,0,,,,,,,,,,
33.521,38,Input Transition On Event,FIRBeam #1,,7,0,,,,,,,,,,
35.074,39,Input Transition Off Event,FIRBeam #1,,7,0,,,,,,,,,,
35.607,30,Touch Down Event,Bussey Mouse Operant Mode 3 x 1 x low,,7,4,Position,3,Image 3,2,CoordX,28,CoordY,154,,
35.608,1,Condition Event,Correct,,7,0,,,,,,,,,,
35.608,32,Whisker - Display Image,Bussey Mouse Operant Mode 3 x 1 x low,Background,7,2,Position,3,Image 1,0,,,,,,
35.608,32,Whisker - Display Image,Bussey Mouse Operant Mode 3 x 1 x low,Background,7,2,Position,1,Image 1,0,,,,,,
35.608,7,Pulse Output Event,Feeder #1,,7,1,Duration,0.28,,,,,,,,
35.608,3,Output On Event,TrayLight #1,,7,0,,,,,,,,,,
35.608,16,Variable Event,Correction_Counter,,7,1,Value,0,,,,,,,,
35.608,21,Group Change Event,Group Change,,7,1,New Group,19,,,,,,,,
35.608,1,Condition Event,Reset Sound Levels to Zero,,19,0,,,,,,,,,,
35.608,4,Output Off Event,Sound #1,,19,0,,,,,,,,,,
35.608,4,Output Off Event,Sound #2,,19,0,,,,,,,,,,
35.608,4,Output Off Event,Sound #3,,19,0,,,,,,,,,,
35.608,21,Group Change Event,Group Change,,19,1,New Group,20,,,,,,,,
35.608,1,Condition Event,Adjust Sound Level 2,,20,0,,,,,,,,,,
35.608,3,Output On Event,Sound #2,,20,0,,,,,,,,,,
35.608,1,Condition Event,NoTone Fall Through,,20,0,,,,,,,,,,
35.608,21,Group Change Event,Group Change,,20,1,New Group,21,,,,,,,,
35.608,1,Condition Event,Play Tone,,21,0,,,,,,,,,,
35.608,7,Pulse Output Event,Sound_On #1,,21,1,Duration,1,,,,,,,,
35.608,21,Group Change Event,Group Change,,21,1,New Group,8,,,,,,,,
35.608,1,Condition Event,Increment counter,,8,0,,,,,,,,,,
35.608,16,Variable Event,Correct_Counter,,8,1,Value,2,,,,,,,,
35.608,16,Variable Event,First_Analysis,,8,1,Value,0,,,,,,,,
35.608,61,Group Maintain Event,Group Change,,8,1,New Group,8,,,,,,,,
36.678,31,Touch Up Event,Bussey Mouse Operant Mode 3 x 1 x low,,8,4,Position,3,Image 1,0,CoordX,78,CoordY,94,,
37.028,38,Input Transition On Event,FIRBeam #1,,8,0,,,,,,,,,,
37.336,39,Input Transition Off Event,FIRBeam #1,,8,0,,,,,,,,,,
37.524,38,Input Transition On Event,BIRBeam #1,,8,0,,,,,,,,,,
37.828,38,Input Transition On Event,Tray #1,,8,0,,,,,,,,,,
37.829,1,Condition Event,Reward Collected Start ITI,,8,0,,,,,,,,,,
37.829,4,Output Off Event,TrayLight #1,,8,0,,,,,,,,,,
37.829,29,Timer Event,ITI_Timer,,8,1,Value,0,,,,,,,,
37.829,21,Group Change Event,Group Change,,8,1,New Group,9,,,,,,,,
41.844,39,Input Transition Off Event,Tray #1,,9,0,,,,,,,,,,
42.334,38,Input Transition On Event,Tray #1,,9,0,,,,,,,,,,
42.614,39,Input Transition Off Event,Tray #1,,9,0,,,,,,,,,,
46.854,39,Input Transition Off Event,BIRBeam #1,,9,0,,,,,,,,,,
57.829,1,Condition Event,Next trial,,9,0,,,,,,,,,,
57.829,3,Output On Event,TrayLight #1,,9,0,,,,,,,,,,
57.829,16,Variable Event,First_Trial,,9,1,Value,0,,,,,,,,
57.829,16,Variable Event,First_Analysis,,9,1,Value,1,,,,,,,,
57.829,16,Variable Event,ITI,,9,1,Value,20,,,,,,,,
57.829,21,Group Change Event,Group Change,,9,1,New Group,15,,,,,,,,
57.829,1,Condition Event,Next trial non corrected Trial,,15,0,,,,,,,,,,
57.829,19,List Change - Next Value,Trial_Type,,15,2,Index,30,Value,5,,,,,,
57.829,21,Group Change Event,Group Change,,15,1,New Group,3,,,,,,,,
62.567,38,Input Transition On Event,BIRBeam #1,,3,0,,,,,,,,,,
63.061,38,Input Transition On Event,Tray #1,,3,0,,,,,,,,,,
63.061,1,Condition Event,Tray Entry and Trial Increment,,3,0,,,,,,,,,,
63.061,4,Output Off Event,TrayLight #1,,3,0,,,,,,,,,,
63.061,4,Output Off Event,Sound #1,,3,0,,,,,,,,,,
63.061,4,Output Off Event,Sound #2,,3,0,,,,,,,,,,
63.061,4,Output Off Event,Sound #3,,3,0,,,,,,,,,,
63.061,7,Pulse Output Event,Sound_On #1,,3,1,Duration,0,,,,,,,,
63.061,16,Variable Event,_Trial_Counter,,3,1,Value,2,,,,,,,,
63.061,16,Variable Event,Correct_Percent,,3,1,Value,2,,,,,,,,
63.061,16,Variable Event,Correct_Percent,,3,1,Value,1,,,,,,,,
63.061,16,Variable Event,Correct_Percent,,3,1,Value,100,,,,,,,,
63.061,21,Group Change Event,Group Change,,3,1,New Group,4,,,,,,,,
63.206,39,Input Transition Off Event,Tray #1,,4,0,,,,,,,,,,
63.206,1,Condition Event,Start Trial,,4,0,,,,,,,,,,
63.206,16,Variable Event,Trial,,4,1,Value,5,,,,,,,,
63.206,21,Group Change Event,Group Change,,4,1,New Group,5,,,,,,,,
63.206,1,Condition Event,Set for Trial 5,,5,0,,,,,,,,,,
63.206,16,Variable Event,Correct_Grid_Position,,5,1,Value,3,,,,,,,,
63.206,16,Variable Event,Correct_Image,,5,1,Value,3,,,,,,,,
63.206,16,Variable Event,Incorrect_Grid_Position,,5,1,Value,1,,,,,,,,
63.206,16,Variable Event,Incorrect_Image,,5,1,Value,2,,,,,,,,
63.206,21,Group Change Event,Group Change,,5,1,New Group,6,,,,,,,,
63.206,1,Condition Event,Display Images,,6,0,,,,,,,,,,
63.206,32,Whisker - Display Image,Bussey Mouse Operant Mode 3 x 1 x low,Images,6,2,Position,3,Image 3,2,,,,,,
63.206,32,Whisker - Display Image,Bussey Mouse Operant Mode 3 x 1 x low,Images,6,2,Position,1,Image 2,1,,,,,,
63.206,21,Group Change Event,Group Change,,6,1,New Group,7,,,,,,,,
63.912,39,Input Transition Off Event,BIRBeam #1,,7,0,,,,,,,,,,
64.334,38,Input Transition On Event,FIRBeam #1,,7,0,,,,,,,,,,
65.365,39,Input Transition Off Event,FIRBeam #1,,7,0,,,,,,,,,,
65.777,30,Touch Down Event,Bussey Mouse Operant Mode 3 x 1 x low,,7,4,Position,3,Image 3,2,CoordX,43,CoordY,212,,
65.777,1,Condition Event,Correct,,7,0,,,,,,,,,,
65.777,32,Whisker - Display Image,Bussey Mouse Operant Mode 3 x 1 x low,Background,7,2,Position,3,Image 1,0,,,,,,
65.777,32,Whisker - Display Image,Bussey Mouse Operant Mode 3 x 1 x low,Background,7,2,Position,1,Image 1,0,,,,,,
65.777,7,Pulse Output Event,Feeder #1,,7,1,Duration,0.28,,,,,,,,
65.777,3,Output On Event,TrayLight #1,,7,0,,,,,,,,,,
65.777,16,Variable Event,Correction_Counter,,7,1,Value,0,,,,,,,,
65.777,21,Group Change Event,Group Change,,7,1,New Group,19,,,,,,,,
65.777,1,Condition Event,Reset Sound Levels to Zero,,19,0,,,,,,,,,,
65.777,4,Output Off Event,Sound #1,,19,0,,,,,,,,,,
65.777,4,Output Off Event,Sound #2,,19,0,,,,,,,,,,
65.777,4,Output Off Event,Sound #3,,19,0,,,,,,,,,,
65.777,21,Group Change Event,Group Change,,19,1,New Group,20,,,,,,,,
65.777,1,Condition Event,Adjust Sound Level 2,,20,0,,,,,,,,,,
65.777,3,Output On Event,Sound #2,,20,0,,,,,,,,,,
65.777,1,Condition Event,NoTone Fall Through,,20,0,,,,,,,,,,
65.777,21,Group Change Event,Group Change,,20,1,New Group,21,,,,,,,,
65.777,1,Condition Event,Play Tone,,21,0,,,,,,,,,,
65.777,7,Pulse Output Event,Sound_On #1,,21,1,Duration,1,,,,,,,,
65.777,21,Group Change Event,Group Change,,21,1,New Group,8,,,,,,,,
65.777,1,Condition Event,Increment counter,,8,0,,,,,,,,,,
65.777,16,Variable Event,Correct_Counter,,8,1,Value,3,,,,,,,,
65.777,16,Variable Event,First_Analysis,,8,1,Value,0,,,,,,,,
65.777,61,Group Maintain Event,Group Change,,8,1,New Group,8,,,,,,,,
65.816,31,Touch Up Event,Bussey Mouse Operant Mode 3 x 1 x low,,8,4,Position,3,Image 1,0,CoordX,43,CoordY,212,,
65.887,38,Input Transition On Event,FIRBeam #1,,8,0,,,,,,,,,,
66.329,39,Input Transition Off Event,FIRBeam #1,,8,0,,,,,,,,,,
66.552,38,Input Transition On Event,BIRBeam #1,,8,0,,,,,,,,,,
66.886,38,Input Transition On Event,Tray #1,,8,0,,,,,,,,,,
66.886,1,Condition Event,Reward Collected Start ITI,,8,0,,,,,,,,,,
66.886,4,Output Off Event,TrayLight #1,,8,0,,,,,,,,,,
66.886,29,Timer Event,ITI_Timer,,8,1,Value,0,,,,,,,,
66.886,21,Group Change Event,Group Change,,8,1,New Group,9,,,,,,,,
69.719,39,Input Transition Off Event,Tray #1,,9,0,,,,,,,,,,
70.419,39,Input Transition Off Event,BIRBeam #1,,9,0,,,,,,,,,,
73.144,38,Input Transition On Event,FIRBeam #1,,9,0,,,,,,,,,,
76.416,39,Input Transition Off Event,FIRBeam #1,,9,0,,,,,,,,,,
79.103,38,Input Transition On Event,FIRBeam #1,,9,0,,,,,,,,,,
81.015,39,Input Transition Off Event,FIRBeam #1,,9,0,,,,,,,,,,
81.253,38,Input Transition On Event,FIRBeam #1,,9,0,,,,,,,,,,
83.991,39,Input Transition Off Event,FIRBeam #1,,9,0,,,,,,,,,,
84.571,30,Touch Down Event,Bussey Mouse Operant Mode 3 x 1 x low,,9,4,Position,3,Image 1,0,CoordX,181,CoordY,182,,
84.572,1,Condition Event,Right Screen Touches,,9,0,,,,,,,,,,
84.572,16,Variable Event,Right_touches_during_ITI,,9,1,Value,1,,,,,,,,
84.572,61,Group Maintain Event,Group Change,,9,1,New Group,9,,,,,,,,
85.331,31,Touch Up Event,Bussey Mouse Operant Mode 3 x 1 x low,,9,4,Position,3,Image 1,0,CoordX,180,CoordY,174,,
86.88,30,Touch Down Event,Bussey Mouse Operant Mode 3 x 1 x low,,9,4,Position,3,Image 1,0,CoordX,146,CoordY,212,,
86.88,1,Condition Event,Right Screen Touches,,9,0,,,,,,,,,,
86.88,16,Variable Event,Right_touches_during_ITI,,9,1,Value,2,,,,,,,,
86.88,61,Group Maintain Event,Group Change,,9,1,New Group,9,,,,,,,,
86.886,1,Condition Event,Next trial,,9,0,,,,,,,,,,
86.886,3,Output On Event,TrayLight #1,,9,0,,,,,,,,,,
86.886,16,Variable Event,First_Trial,,9,1,Value,0,,,,,,,,
86.886,16,Variable Event,First_Analysis,,9,1,Value,1,,,,,,,,
86.886,16,Variable Event,ITI,,9,1,Value,20,,,,,,,,
86.886,21,Group Change Event,Group Change,,9,1,New Group,15,,,,,,,,
86.886,1,Condition Event,Next trial non corrected Trial,,15,0,,,,,,,,,,
86.886,19,List Change - Next Value,Trial_Type,,15,2,Index,17,Value,3,,,,,,
86.886,21,Group Change Event,Group Change,,15,1,New Group,3,,,,,,,,
86.938,31,Touch Up Event,Bussey Mouse Operant Mode 3 x 1 x low,,3,4,Position,3,Image 1,0,CoordX,146,CoordY,212,,
86.994,30,Touch Down Event,Bussey Mouse Operant Mode 3 x 1 x low,,3,4,Position,3,Image 1,0,CoordX,146,CoordY,212,,
87.09,31,Touch Up Event,Bussey Mouse Operant Mode 3 x 1 x low,,3,4,Position,3,Image 1,0,CoordX,146,CoordY,212,,
87.186,30,Touch Down Event,Bussey Mouse Operant Mode 3 x 1 x low,,3,4,Position,0,(NoImageOrVideo),-1,CoordX,712,CoordY,555,,
87.783,31,Touch Up Event,Bussey Mouse Operant Mode 3 x 1 x low,,3,4,Position,3,Image 1,0,CoordX,164,CoordY,212,,
88.66,38,Input Transition On Event,FIRBeam #1,,3,0,,,,,,,,,,
88.709,39,Input Transition Off Event,FIRBeam #1,,3,0,,,,,,,,,,
89.71,38,Input Transition On Event,FIRBeam #1,,3,0,,,,,,,,,,
90.072,39,Input Transition Off Event,FIRBeam #1,,3,0,,,,,,,,,,
90.376,38,Input Transition On Event,BIRBeam #1,,3,0,,,,,,,,,,
90.75,38,Input Transition On Event,Tray #1,,3,0,,,,,,,,,,
90.75,1,Condition Event,Tray Entry and Trial Increment,,3,0,,,,,,,,,,
90.75,4,Output Off Event,TrayLight #1,,3,0,,,,,,,,,,
90.75,4,Output Off Event,Sound #1,,3,0,,,,,,,,,,
90.75,4,Output Off Event,Sound #2,,3,0,,,,,,,,,,
90.75,4,Output Off Event,Sound #3,,3,0,,,,,,,,,,
90.75,7,Pulse Output Event,Sound_On #1,,3,1,Duration,0,,,,,,,,
90.75,16,Variable Event,_Trial_Counter,,3,1,Value,3,,,,,,,,
90.75,16,Variable Event,Correct_Percent,,3,1,Value,3,,,,,,,,
90.75,16,Variable Event,Correct_Percent,,3,1,Value,1,,,,,,,,
90.75,16,Variable Event,Correct_Percent,,3,1,Value,100,,,,,,,,
90.75,21,Group Change Event,Group Change,,3,1,New Group,4,,,,,,,,
90.892,39,Input Transition Off Event,Tray #1,,4,0,,,,,,,,,,
90.892,1,Condition Event,Start Trial,,4,0,,,,,,,,,,
90.892,16,Variable Event,Trial,,4,1,Value,3,,,,,,,,
90.892,21,Group Change Event,Group Change,,4,1,New Group,5,,,,,,,,
90.892,1,Condition Event,Set for Trial 3,,5,0,,,,,,,,,,
90.892,16,Variable Event,Correct_Grid_Position,,5,1,Value,2,,,,,,,,
90.892,16,Variable Event,Correct_Image,,5,1,Value,2,,,,,,,,
90.892,16,Variable Event,Incorrect_Grid_Position,,5,1,Value,1,,,,,,,,
90.892,16,Variable Event,Incorrect_Image,,5,1,Value,3,,,,,,,,
90.892,21,Group Change Event,Group Change,,5,1,New Group,6,,,,,,,,
90.892,1,Condition Event,Display Images,,6,0,,,,,,,,,,
90.892,32,Whisker - Display Image,Bussey Mouse Operant Mode 3 x 1 x low,Images,6,2,Position,2,Image 2,1,,,,,,
90.892,32,Whisker - Display Image,Bussey Mouse Operant Mode 3 x 1 x low,Images,6,2,Position,1,Image 3,2,,,,,,
90.892,21,Group Change Event,Group Change,,6,1,New Group,7,,,,,,,,
91.105,39,Input Transition Off Event,BIRBeam #1,,7,0,,,,,,,,,,
91.559,38,Input Transition On Event,FIRBeam #1,,7,0,,,,,,,,,,
92.236,39,Input Transition Off Event,FIRBeam #1,,7,0,,,,,,,,,,
92.246,30,Touch Down Event,Bussey Mouse Operant Mode 3 x 1 x low,,7,4,Position,2,Image 2,1,CoordX,49,CoordY,212,,
92.246,1,Condition Event,Correct,,7,0,,,,,,,,,,
92.246,32,Whisker - Display Image,Bussey Mouse Operant Mode 3 x 1 x low,Background,7,2,Position,2,Image 1,0,,,,,,
92.246,32,Whisker - Display Image,Bussey Mouse Operant Mode 3 x 1 x low,Background,7,2,Position,1,Image 1,0,,,,,,
92.246,7,Pulse Output Event,Feeder #1,,7,1,Duration,0.28,,,,,,,,
92.246,3,Output On Event,TrayLight #1,,7,0,,,,,,,,,,
92.246,16,Variable Event,Correction_Counter,,7,1,Value,0,,,,,,,,
92.246,21,Group Change Event,Group Change,,7,1,New Group,19,,,,,,,,
92.246,1,Condition Event,Reset Sound Levels to Zero,,19,0,,,,,,,,,,
92.246,4,Output Off Event,Sound #1,,19,0,,,,,,,,,,
92.246,4,Output Off Event,Sound #2,,19,0,,,,,,,,,,
92.246,4,Output Off Event,Sound #3,,19,0,,,,,,,,,,
92.246,21,Group Change Event,Group Change,,19,1,New Group,20,,,,,,,,
92.246,1,Condition Event,Adjust Sound Level 2,,20,0,,,,,,,,,,
92.246,3,Output On Event,Sound #2,,20,0,,,,,,,,,,
92.246,1,Condition Event,NoTone Fall Through,,20,0,,,,,,,,,,
92.246,21,Group Change Event,Group Change,,20,1,New Group,21,,,,,,,,
92.246,1,Condition Event,Play Tone,,21,0,,,,,,,,,,
92.246,7,Pulse Output Event,Sound_On #1,,21,1,Duration,1,,,,,,,,
92.246,21,Group Change Event,Group Change,,21,1,New Group,8,,,,,,,,
92.246,1,Condition Event,Increment counter,,8,0,,,,,,,,,,
92.246,16,Variable Event,Correct_Counter,,8,1,Value,4,,,,,,,,
92.246,16,Variable Event,First_Analysis,,8,1,Value,0,,,,,,,,
92.246,61,Group Maintain Event,Group Change,,8,1,New Group,8,,,,,,,,
92.422,31,Touch Up Event,Bussey Mouse Operant Mode 3 x 1 x low,,8,4,Position,0,(NoImageOrVideo),-1,CoordX,331,CoordY,555,,
92.584,38,Input Transition On Event,FIRBeam #1,,8,0,,,,,,,,,,
93.034,39,Input Transition Off Event,FIRBeam #1,,8,0,,,,,,,,,,
93.2,38,Input Transition On Event,BIRBeam #1,,8,0,,,,,,,,,,
93.41,38,Input Transition On Event,Tray #1,,8,0,,,,,,,,,,
93.41,1,Condition Event,Reward Collected Start ITI,,8,0,,,,,,,,,,
93.41,4,Output Off Event,TrayLight #1,,8,0,,,,,,,,,,
93.41,29,Timer Event,ITI_Timer,,8,1,Value,0,,,,,,,,
93.41,21,Group Change Event,Group Change,,8,1,New Group,9,,,,,,,,
97.569,39,Input Transition Off Event,Tray #1,,9,0,,,,,,,,,,
98.307,39,Input Transition Off Event,BIRBeam #1,,9,0,,,,,,,,,,
98.615,38,Input Transition On Event,FIRBeam #1,,9,0,,,,,,,,,,
99.321,39,Input Transition Off Event,FIRBeam #1,,9,0,,,,,,,,,,
99.436,30,Touch Down Event,Bussey Mouse Operant Mode 3 x 1 x low,,9,4,Position,1,Image 1,0,CoordX,138,CoordY,212,,
99.437,1,Condition Event,Left Screen Touches,,9,0,,,,,,,,,,
99.437,16,Variable Event,Left_Touches_during_ITI,,9,1,Value,1,,,,,,,,
99.437,61,Group Maintain Event,Group Change,,9,1,New Group,9,,,,,,,,
100.957,31,Touch Up Event,Bussey Mouse Operant Mode 3 x 1 x low,,9,4,Position,1,Image 1,0,CoordX,138,CoordY,99,,
101.017,30,Touch Down Event,Bussey Mouse Operant Mode 3 x 1 x low,,9,4,Position,1,Image 1,0,CoordX,138,CoordY,99,,
101.018,1,Condition Event,Left Screen Touches,,9,0,,,,,,,,,,
101.018,16,Variable Event,Left_Touches_during_ITI,,9,1,Value,2,,,,,,,,
101.018,61,Group Maintain Event,Group Change,,9,1,New Group,9,,,,,,,,
101.037,31,Touch Up Event,Bussey Mouse Operant Mode 3 x 1 x low,,9,4,Position,1,Image 1,0,CoordX,138,CoordY,99,,
104.155,38,Input Transition On Event,FIRBeam #1,,9,0,,,,,,,,,,
104.754,39,Input Transition Off Event,FIRBeam #1,,9,0,,,,,,,,,,
104.88,30,Touch Down Event,Bussey Mouse Operant Mode 3 x 1 x low,,9,4,Position,2,Image 1,0,CoordX,202,CoordY,212,,
104.881,1,Condition Event,Centre Screen Touches,,9,0,,,,,,,,,,
104.881,16,Variable Event,Centre_Touches_during_ITI,,9,1,Value,1,,,,,,,,
104.881,61,Group Maintain Event,Group Change,,9,1,New Group,9,,,,,,,,
104.999,31,Touch Up Event,Bussey Mouse Operant Mode 3 x 1 x low,,9,4,Position,2,Image 1,0,CoordX,184,CoordY,193,,
105.458,38,Input Transition On Event,FIRBeam #1,,9,0,,,,,,,,,,
105.868,39,Input Transition Off Event,FIRBeam #1,,9,0,,,,,,,,,,
106.485,38,Input Transition On Event,BIRBeam #1,,9,0,,,,,,,,,,
107.668,38,Input Transition On Event,Tray #1,,9,0,,,,,,,,,,
107.772,39,Input Transition Off Event,Tray #1,,9,0,,,,,,,,,,
108.838,39,Input Transition Off Event,BIRBeam #1,,9,0,,,,,,,,,,
109.191,38,Input Transition On Event,BIRBeam #1,,9,0,,,,,,,,,,
111.046,38,Input Transition On Event,Tray #1,,9,0,,,,,,,,,,
113.41,1,Condition Event,Next trial,,9,0,,,,,,,,,,
113.41,3,Output On Event,TrayLight #1,,9,0,,,,,,,,,,
113.41,16,Variable Event,First_Trial,,9,1,Value,0,,,,,,,,
113.41,16,Variable Event,First_Analysis,,9,1,Value,1,,,,,,,,
113.41,16,Variable Event,ITI,,9,1,Value,20,,,,,,,,
113.41,21,Group Change Event,Group Change,,9,1,New Group,15,,,,,,,,
113.41,1,Condition Event,Next trial non corrected Trial,,15,0,,,,,,,,,,
113.41,19,List Change - Next Value,Trial_Type,,15,2,Index,31,Value,6,,,,,,
113.41,21,Group Change Event,Group Change,,15,1,New Group,3,,,,,,,,
113.41,1,Condition Event,Tray Entry and Trial Increment,,3,0,,,,,,,,,,
113.41,4,Output Off Event,TrayLight #1,,3,0,,,,,,,,,,
113.41,4,Output Off Event,Sound #1,,3,0,,,,,,,,,,
113.41,4,Output Off Event,Sound #2,,3,0,,,,,,,,,,
113.41,4,Output Off Event,Sound #3,,3,0,,,,,,,,,,
113.41,7,Pulse Output Event,Sound_On #1,,3,1,Duration,0,,,,,,,,
113.41,16,Variable Event,_Trial_Counter,,3,1,Value,4,,,,,,,,
113.41,16,Variable Event,Correct_Percent,,3,1,Value,4,,,,,,,,
113.41,16,Variable Event,Correct_Percent,,3,1,Value,1,,,,,,,,
113.41,16,Variable Event,Correct_Percent,,3,1,Value,100,,,,,,,,
113.41,21,Group Change Event,Group Change,,3,1,New Group,4,,,,,,,,
115.688,39,Input Transition Off Event,Tray #1,,4,0,,,,,,,,,,
115.688,1,Condition Event,Start Trial,,4,0,,,,,,,,,,
115.688,16,Variable Event,Trial,,4,1,Value,6,,,,,,,,
115.688,21,Group Change Event,Group Change,,4,1,New Group,5,,,,,,,,
115.688,1,Condition Event,Set for Trial 6,,5,0,,,,,,,,,,
115.688,16,Variable Event,Correct_Grid_Position,,5,1,Value,3,,,,,,,,
115.688,16,Variable Event,Correct_Image,,5,1,Value,3,,,,,,,,
115.688,16,Variable Event,Incorrect_Grid_Position,,5,1,Value,2,,,,,,,,
115.688,16,Variable Event,Incorrect_Image,,5,1,Value,1,,,,,,,,
115.688,21,Group Change Event,Group Change,,5,1,New Group,6,,,,,,,,
115.688,1,Condition Event,Display Images,,6,0,,,,,,,,,,
115.688,32,Whisker - Display Image,Bussey Mouse Operant Mode 3 x 1 x low,Images,6,2,Position,3,Image 3,2,,,,,,
115.688,32,Whisker - Display Image,Bussey Mouse Operant Mode 3 x 1 x low,Images,6,2,Position,2,Image 1,0,,,,,,
115.688,21,Group Change Event,Group Change,,6,1,New Group,7,,,,,,,,
117.189,39,Input Transition Off Event,BIRBeam #1,,7,0,,,,,,,,,,
118.372,38,Input Transition On Event,BIRBeam #1,,7,0,,,,,,,,,,
119.245,38,Input Transition On Event,Tray #1,,7,0,,,,,,,,,,
122.253,39,Input Transition Off Event,Tray #1,,7,0,,,,,,,,,,
122.892,39,Input Transition Off Event,BIRBeam #1,,7,0,,,,,,,,,,
123.384,38,Input Transition On Event,FIRBeam #1,,7,0,,,,,,,,,,
124.142,39,Input Transition Off Event,FIRBeam #1,,7,0,,,,,,,,,,
124.46,38,Input Transition On Event,FIRBeam #1,,7,0,,,,,,,,,,
124.939,39,Input Transition Off Event,FIRBeam #1,,7,0,,,,,,,,,,
125.47,30,Touch Down Event,Bussey Mouse Operant Mode 3 x 1 x low,,7,4,Position,3,Image 3,2,CoordX,28,CoordY,94,,
125.471,1,Condition Event,Correct,,7,0,,,,,,,,,,
125.471,32,Whisker - Display Image,Bussey Mouse Operant Mode 3 x 1 x low,Background,7,2,Position,3,Image 1,0,,,,,,
125.471,32,Whisker - Display Image,Bussey Mouse Operant Mode 3 x 1 x low,Background,7,2,Position,2,Image 1,0,,,,,,
125.471,7,Pulse Output Event,Feeder #1,,7,1,Duration,0.28,,,,,,,,
125.471,3,Output On Event,TrayLight #1,,7,0,,,,,,,,,,
125.471,16,Variable Event,Correction_Counter,,7,1,Value,0,,,,,,,,
125.471,21,Group Change Event,Group Change,,7,1,New Group,19,,,,,,,,
125.471,1,Condition Event,Reset Sound Levels to Zero,,19,0,,,,,,,,,,
125.471,4,Output Off Event,Sound #1,,19,0,,,,,,,,,,
125.471,4,Output Off Event,Sound #2,,19,0,,,,,,,,,,
125.471,4,Output Off Event,Sound #3,,19,0,,,,,,,,,,
125.471,21,Group Change Event,Group Change,,19,1,New Group,20,,,,,,,,
125.471,1,Condition Event,Adjust Sound Level 2,,20,0,,,,,,,,,,
125.471,3,Output On Event,Sound #2,,20,0,,,,,,,,,,
125.471,1,Condition Event,NoTone Fall Through,,20,0,,,,,,,,,,
125.471,21,Group Change Event,Group Change,,20,1,New Group,21,,,,,,,,
125.471,1,Condition Event,Play Tone,,21,0,,,,,,,,,,
125.471,7,Pulse Output Event,Sound_On #1,,21,1,Duration,1,,,,,,,,
125.471,21,Group Change Event,Group Change,,21,1,New Group,8,,,,,,,,
125.471,1,Condition Event,Increment counter,,8,0,,,,,,,,,,
125.471,16,Variable Event,Correct_Counter,,8,1,Value,5,,,,,,,,
125.471,16,Variable Event,First_Analysis,,8,1,Value,0,,,,,,,,
125.471,61,Group Maintain Event,Group Change,,8,1,New Group,8,,,,,,,,
125.921,31,Touch Up Event,Bussey Mouse Operant Mode 3 x 1 x low,,8,4,Position,3,Image 1,0,CoordX,43,CoordY,41,,
126.32,38,Input Transition On Event,FIRBeam #1,,8,0,,,,,,,,,,
126.527,39,Input Transition Off Event,FIRBeam #1,,8,0,,,,,,,,,,
126.692,38,Input Transition On Event,BIRBeam #1,,8,0,,,,,,,,,,
126.964,38,Input Transition On Event,Tray #1,,8,0,,,,,,,,,,
126.964,1,Condition Event,Reward Collected Start ITI,,8,0,,,,,,,,,,
126.964,4,Output Off Event,TrayLight #1,,8,0,,,,,,,,,,
126.964,29,Timer Event,ITI_Timer,,8,1,Value,0,,,,,,,,
126.964,21,Group Change Event,Group Change,,8,1,New Group,9,,,,,,,,
131.155,39,Input Transition Off Event,Tray #1,,9,0,,,,,,,,,,
132.04,39,Input Transition Off Event,BIRBeam #1,,9,0,,,,,,,,,,
132.348,38,Input Transition On Event,FIRBeam #1,,9,0,,,,,,,,,,
134.3,39,Input Transition Off Event,FIRBeam #1,,9,0,,,,,,,,,,
134.46,38,Input Transition On Event,BIRBeam #1,,9,0,,,,,,,,,,
135.229,38,Input Transition On Event,Tray #1,,9,0,,,,,,,,,,
135.274,39,Input Transition Off Event,Tray #1,,9,0,,,,,,,,,,
135.408,38,Input Transition On Event,Tray #1,,9,0,,,,,,,,,,
137.172,39,Input Transition Off Event,Tray #1,,9,0,,,,,,,,,,
138.944,39,Input Transition Off Event,BIRBeam #1,,9,0,,,,,,,,,,
139.739,38,Input Transition On Event,BIRBeam #1,,9,0,,,,,,,,,,
140.169,39,Input Transition Off Event,BIRBeam #1,,9,0,,,,,,,,,,
140.469,38,Input Transition On Event,FIRBeam #1,,9,0,,,,,,,,,,
141.037,39,Input Transition Off Event,FIRBeam #1,,9,0,,,,,,,,,,
141.596,30,Touch Down Event,Bussey Mouse Operant Mode 3 x 1 x low,,9,4,Position,1,Image 1,0,CoordX,71,CoordY,164,,
141.596,1,Condition Event,Left Screen Touches,,9,0,,,,,,,,,,
141.596,16,Variable Event,Left_Touches_during_ITI,,9,1,Value,3,,,,,,,,
141.596,61,Group Maintain Event,Group Change,,9,1,New Group,9,,,,,,,,
141.673,31,Touch Up Event,Bussey Mouse Operant Mode 3 x 1 x low,,9,4,Position,1,Image 1,0,CoordX,71,CoordY,174,,
142.313,30,Touch Down Event,Bussey Mouse Operant Mode 3 x 1 x low,,9,4,Position,1,Image 1,0,CoordX,18,CoordY,212,,
142.313,1,Condition Event,Left Screen Touches,,9,0,,,,,,,,,,
142.313,16,Variable Event,Left_Touches_during_ITI,,9,1,Value,4,,,,,,,,
142.313,61,Group Maintain Event,Group Change,,9,1,New Group,9,,,,,,,,
142.877,31,Touch Up Event,Bussey Mouse Operant Mode 3 x 1 x low,,9,4,Position,1,Image 1,0,CoordX,41,CoordY,211,,
143.017,30,Touch Down Event,Bussey Mouse Operant Mode 3 x 1 x low,,9,4,Position,1,Image 1,0,CoordX,53,CoordY,174,,
143.017,1,Condition Event,Left Screen Touches,,9,0,,,,,,,,,,
143.017,16,Variable Event,Left_Touches_during_ITI,,9,1,Value,5,,,,,,,,
143.017,61,Group Maintain Event,Group Change,,9,1,New Group,9,,,,,,,,
144.023,31,Touch Up Event,Bussey Mouse Operant Mode 3 x 1 x low,,9,4,Position,1,Image 1,0,CoordX,138,CoordY,80,,
144.262,30,Touch Down Event,Bussey Mouse Operant Mode 3 x 1 x low,,9,4,Position,1,Image 1,0,CoordX,173,CoordY,46,,
144.262,1,Condition Event,Left Screen Touches,,9,0,,,,,,,,,,
144.262,16,Variable Event,Left_Touches_during_ITI,,9,1,Value,6,,,,,,,,
144.262,61,Group Maintain Event,Group Change,,9,1,New Group,9,,,,,,,,
144.574,31,Touch Up Event,Bussey Mouse Operant Mode 3 x 1 x low,,9,4,Position,1,Image 1,0,CoordX,163,CoordY,95,,
144.634,30,Touch Down Event,Bussey Mouse Operant Mode 3 x 1 x low,,9,4,Position,1,Image 1,0,CoordX,187,CoordY,154,,
144.634,1,Condition Event,Left Screen Touches,,9,0,,,,,,,,,,
144.634,16,Variable Event,Left_Touches_during_ITI,,9,1,Value,7,,,,,,,,
144.634,61,Group Maintain Event,Group Change,,9,1,New Group,9,,,,,,,,
144.79,31,Touch Up Event,Bussey Mouse Operant Mode 3 x 1 x low,,9,4,Position,1,Image 1,0,CoordX,138,CoordY,212,,
146.318,38,Input Transition On Event,FIRBeam #1,,9,0,,,,,,,,,,
146.964,1,Condition Event,Next trial,,9,0,,,,,,,,,,
146.964,3,Output On Event,TrayLight #1,,9,0,,,,,,,,,,
146.964,16,Variable Event,First_Trial,,9,1,Value,0,,,,,,,,
146.964,16,Variable Event,First_Analysis,,9,1,Value,1,,,,,,,,
146.964,16,Variable Event,ITI,,9,1,Value,20,,,,,,,,
146.964,21,Group Change Event,Group Change,,9,1,New Group,15,,,,,,,,
146.965,1,Condition Event,Next trial non corrected Trial,,15,0,,,,,,,,,,
146.965,19,List Change - Next Value,Trial_Type,,15,2,Index,20,Value,4,,,,,,
146.965,21,Group Change Event,Group Change,,15,1,New Group,3,,,,,,,,
147.01,39,Input Transition Off Event,FIRBeam #1,,3,0,,,,,,,,,,
147.167,38,Input Transition On Event,BIRBeam #1,,3,0,,,,,,,,,,
147.403,38,Input Transition On Event,Tray #1,,3,0,,,,,,,,,,
147.403,1,Condition Event,Tray Entry and Trial Increment,,3,0,,,,,,,,,,
147.403,4,Output Off Event,TrayLight #1,,3,0,,,,,,,,,,
147.403,4,Output Off Event,Sound #1,,3,0,,,,,,,,,,
147.403,4,Output Off Event,Sound #2,,3,0,,,,,,,,,,
147.403,4,Output Off Event,Sound #3,,3,0,,,,,,,,,,
147.403,7,Pulse Output Event,Sound_On #1,,3,1,Duration,0,,,,,,,,
147.403,16,Variable Event,_Trial_Counter,,3,1,Value,5,,,,,,,,
147.403,16,Variable Event,Correct_Percent,,3,1,Value,5,,,,,,,,
147.403,16,Variable Event,Correct_Percent,,3,1,Value,1,,,,,,,,
147.403,16,Variable Event,Correct_Percent,,3,1,Value,100,,,,,,,,
147.403,21,Group Change Event,Group Change,,3,1,New Group,4,,,,,,,,
147.548,39,Input Transition Off Event,Tray #1,,4,0,,,,,,,,,,
147.548,1,Condition Event,Start Trial,,4,0,,,,,,,,,,
147.548,16,Variable Event,Trial,,4,1,Value,4,,,,,,,,
147.548,21,Group Change Event,Group Change,,4,1,New Group,5,,,,,,,,
147.548,1,Condition Event,Set for Trial 4,,5,0,,,,,,,,,,
147.548,16,Variable Event,Correct_Grid_Position,,5,1,Value,2,,,,,,,,
147.548,16,Variable Event,Correct_Image,,5,1,Value,2,,,,,,,,
147.548,16,Variable Event,Incorrect_Grid_Position,,5,1,Value,3,,,,,,,,
147.548,16,Variable Event,Incorrect_Image,,5,1,Value,1,,,,,,,,
147.548,21,Group Change Event,Group Change,,5,1,New Group,6,,,,,,,,
147.549,1,Condition Event,Display Images,,6,0,,,,,,,,,,
147.549,32,Whisker - Display Image,Bussey Mouse Operant Mode 3 x 1 x low,Images,6,2,Position,2,Image 2,1,,,,,,
147.549,32,Whisker - Display Image,Bussey Mouse Operant Mode 3 x 1 x low,Images,6,2,Position,3,Image 1,0,,,,,,
147.549,21,Group Change Event,Group Change,,6,1,New Group,7,,,,,,,,
147.928,39,Input Transition Off Event,BIRBeam #1,,7,0,,,,,,,,,,
148.267,38,Input Transition On Event,FIRBeam #1,,7,0,,,,,,,,,,
148.893,39,Input Transition Off Event,FIRBeam #1,,7,0,,,,,,,,,,
149.288,30,Touch Down Event,Bussey Mouse Operant Mode 3 x 1 x low,,7,4,Position,3,Image 1,0,CoordX,28,CoordY,193,,
149.289,1,Condition Event,Incorrect,,7,0,,,,,,,,,,
149.289,32,Whisker - Display Image,Bussey Mouse Operant Mode 3 x 1 x low,Background,7,2,Position,2,Image 1,0,,,,,,
149.289,32,Whisker - Display Image,Bussey Mouse Operant Mode 3 x 1 x low,Background,7,2,Position,3,Image 1,0,,,,,,
149.289,3,Output On Event,Sound #1,,7,0,,,,,,,,,,
149.289,3,Output On Event,Sound #2,,7,0,,,,,,,,,,
149.289,3,Output On Event,Sound #3,,7,0,,,,,,,,,,
149.289,7,Pulse Output Event,Sound_On #1,,7,1,Duration,0,,,,,,,,
149.289,29,Timer Event,Time_Out_Timer,,7,1,Value,0,,,,,,,,
149.289,21,Group Change Event,Group Change,,7,1,New Group,10,,,,,,,,
149.289,1,Condition Event,TO Houselight On,,10,0,,,,,,,,,,
149.289,3,Output On Event,HouseLight #1,,10,0,,,,,,,,,,
149.289,21,Group Change Event,Group Change,,10,1,New Group,11,,,,,,,,
149.289,1,Condition Event,Not correcting,,11,0,,,,,,,,,,
149.289,16,Variable Event,Increment_this_trial,,11,1,Value,1,,,,,,,,
149.289,21,Group Change Event,Group Change,,11,1,New Group,12,,,,,,,,
149.289,1,Condition Event,Incorrect Trails to Correction Trial,,12,0,,,,,,,,,,
149.289,16,Variable Event,Correction_Counter,,12,1,Value,1,,,,,,,,
149.289,21,Group Change Event,Group Change,,12,1,New Group,18,,,,,,,,
149.289,1,Condition Event,Change ITI time,,18,0,,,,,,,,,,
149.289,16,Variable Event,ITI,,18,1,Value,20,,,,,,,,
149.289,21,Group Change Event,Group Change,,18,1,New Group,13,,,,,,,,
149.366,31,Touch Up Event,Bussey Mouse Operant Mode 3 x 1 x low,,13,4,Position,3,Image 1,0,CoordX,28,CoordY,193,,
151.444,30,Touch Down Event,Bussey Mouse Operant Mode 3 x 1 x low,,13,4,Position,1,Image 1,0,CoordX,36,CoordY,80,,
151.579,31,Touch Up Event,Bussey Mouse Operant Mode 3 x 1 x low,,13,4,Position,1,Image 1,0,CoordX,36,CoordY,80,,
154.289,1,Condition Event,Time Out End,,13,0,,,,,,,,,,
154.289,29,Timer Event,ITI_Timer,,13,1,Value,0,,,,,,,,
154.289,21,Group Change Event,Group Change,,13,1,New Group,14,,,,,,,,
154.289,1,Condition Event,Reset Houselight off,,14,0,,,,,,,,,,
154.289,4,Output Off Event,HouseLight #1,,14,0,,,,,,,,,,
154.289,21,Group Change Event,Group Change,,14,1,New Group,9,,,,,,,,
155.012,30,Touch Down Event,Bussey Mouse Operant Mode 3 x 1 x low,,9,4,Position,0,(NoImageOrVideo),-1,CoordX,248,CoordY,555,,
155.11,31,Touch Up Event,Bussey Mouse Operant Mode 3 x 1 x low,,9,4,Position,0,(NoImageOrVideo),-1,CoordX,247,CoordY,552,,
156.773,38,Input Transition On Event,FIRBeam #1,,9,0,,,,,,,,,,
157.264,39,Input Transition Off Event,FIRBeam #1,,9,0,,,,,,,,,,
158.885,38,Input Transition On Event,FIRBeam #1,,9,0,,,,,,,,,,
159.368,39,Input Transition Off Event,FIRBeam #1,,9,0,,,,,,,,,,
162.064,30,Touch Down Event,Bussey Mouse Operant Mode 3 x 1 x low,,9,4,Position,2,Image 1,0,CoordX,202,CoordY,193,,
162.064,1,Condition Event,Centre Screen Touches,,9,0,,,,,,,,,,
162.064,16,Variable Event,Centre_Touches_during_ITI,,9,1,Value,2,,,,,,,,
162.064,61,Group Maintain Event,Group Change,,9,1,New Group,9,,,,,,,,
162.084,31,Touch Up Event,Bussey Mouse Operant Mode 3 x 1 x low,,9,4,Position,2,Image 1,0,CoordX,202,CoordY,193,,
162.124,30,Touch Down Event,Bussey Mouse Operant Mode 3 x 1 x low,,9,4,Position,2,Image 1,0,CoordX,184,CoordY,184,,
162.124,1,Condition Event,Centre Screen Touches,,9,0,,,,,,,,,,
162.124,16,Variable Event,Centre_Touches_during_ITI,,9,1,Value,3,,,,,,,,
162.124,61,Group Maintain Event,Group Change,,9,1,New Group,9,,,,,,,,
162.222,31,Touch Up Event,Bussey Mouse Operant Mode 3 x 1 x low,,9,4,Position,2,Image 1,0,CoordX,184,CoordY,154,,
162.262,30,Touch Down Event,Bussey Mouse Operant Mode 3 x 1 x low,,9,4,Position,2,Image 1,0,CoordX,184,CoordY,118,,
162.262,1,Condition Event,Centre Screen Touches,,9,0,,,,,,,,,,
162.262,16,Variable Event,Centre_Touches_during_ITI,,9,1,Value,4,,,,,,,,
162.262,61,Group Maintain Event,Group Change,,9,1,New Group,9,,,,,,,,
162.887,31,Touch Up Event,Bussey Mouse Operant Mode 3 x 1 x low,,9,4,Position,2,Image 1,0,CoordX,152,CoordY,80,,
163.864,30,Touch Down Event,Bussey Mouse Operant Mode 3 x 1 x low,,9,4,Position,1,Image 1,0,CoordX,53,CoordY,174,,
163.864,1,Condition Event,Left Screen Touches,,9,0,,,,,,,,,,
163.864,16,Variable Event,Left_Touches_during_ITI,,9,1,Value,8,,,,,,,,
163.864,61,Group Maintain Event,Group Change,,9,1,New Group,9,,,,,,,,
164.774,31,Touch Up Event,Bussey Mouse Operant Mode 3 x 1 x low,,9,4,Position,1,Image 1,0,CoordX,53,CoordY,118,,
164.833,30,Touch Down Event,Bussey Mouse Operant Mode 3 x 1 x low,,9,4,Position,1,Image 1,0,CoordX,53,CoordY,154,,
164.833,1,Condition Event,Left Screen Touches,,9,0,,,,,,,,,,
164.833,16,Variable Event,Left_Touches_during_ITI,,9,1,Value,9,,,,,,,,
164.833,61,Group Maintain Event,Group Change,,9,1,New Group,9,,,,,,,,
165.008,31,Touch Up Event,Bussey Mouse Operant Mode 3 x 1 x low,,9,4,Position,1,Image 1,0,CoordX,53,CoordY,174,,
166.52,38,Input Transition On Event,FIRBeam #1,,9,0,,,,,,,,,,
166.827,39,Input Transition Off Event,FIRBeam #1,,9,0,,,,,,,,,,
166.976,38,Input Transition On Event,BIRBeam #1,,9,0,,,,,,,,,,
167.389,38,Input Transition On Event,Tray #1,,9,0,,,,,,,,,,
168.044,39,Input Transition Off Event,Tray #1,,9,0,,,,,,,,,,
168.442,39,Input Transition Off Event,BIRBeam #1,,9,0,,,,,,,,,,
168.928,38,Input Transition On Event,FIRBeam #1,,9,0,,,,,,,,,,
169.204,39,Input Transition Off Event,FIRBeam #1,,9,0,,,,,,,,,,
169.447,38,Input Transition On Event,BIRBeam #1,,9,0,,,,,,,,,,
170.048,38,Input Transition On Event,Tray #1,,9,0,,,,,,,,,,
173.02,39,Input Transition Off Event,Tray #1,,9,0,,,,,,,,,,
174.289,1,Condition Event,Next trial,,9,0,,,,,,,,,,
174.289,3,Output On Event,TrayLight #1,,9,0,,,,,,,,,,
174.289,16,Variable Event,First_Trial,,9,1,Value,0,,,,,,,,
174.289,16,Variable Event,First_Analysis,,9,1,Value,1,,,,,,,,
174.289,16,Variable Event,ITI,,9,1,Value,20,,,,,,,,
174.289,21,Group Change Event,Group Change,,9,1,New Group,15,,,,,,,,
174.289,1,Condition Event,Start Correction Trial,,15,0,,,,,,,,,,
174.289,16,Variable Event,Correction_Trial,,15,1,Value,1,,,,,,,,
174.289,21,Group Change Event,Group Change,,15,1,New Group,16,,,,,,,,
179.237,38,Input Transition On Event,Tray #1,,16,0,,,,,,,,,,
179.238,1,Condition Event,Tray Entry Noted Trial Increment,,16,0,,,,,,,,,,
179.238,4,Output Off Event,TrayLight #1,,16,0,,,,,,,,,,
179.238,4,Output Off Event,Sound #1,,16,0,,,,,,,,,,
179.238,4,Output Off Event,Sound #2,,16,0,,,,,,,,,,
179.238,4,Output Off Event,Sound #3,,16,0,,,,,,,,,,
179.238,7,Pulse Output Event,Sound_On #1,,16,1,Duration,0,,,,,,,,
179.238,16,Variable Event,_Trial_Counter,,16,1,Value,6,,,,,,,,
179.238,16,Variable Event,Correct_Percent,,16,1,Value,5,,,,,,,,
179.238,16,Variable Event,Correct_Percent,,16,1,Value,0.833,,,,,,,,
179.238,16,Variable Event,Correct_Percent,,16,1,Value,83.333,,,,,,,,
179.238,21,Group Change Event,Group Change,,16,1,New Group,17,,,,,,,,
179.263,39,Input Transition Off Event,Tray #1,,17,0,,,,,,,,,,
179.264,1,Condition Event,Tray Exit Starts Correction Trial,,17,0,,,,,,,,,,
179.264,16,Variable Event,Total_No_Correction_Trials,,17,1,Value,1,,,,,,,,
179.264,21,Group Change Event,Group Change,,17,1,New Group,6,,,,,,,,
179.264,1,Condition Event,Display Images,,6,0,,,,,,,,,,
179.264,32,Whisker - Display Image,Bussey Mouse Operant Mode 3 x 1 x low,Images,6,2,Position,2,Image 2,1,,,,,,
179.264,32,Whisker - Display Image,Bussey Mouse Operant Mode 3 x 1 x low,Images,6,2,Position,3,Image 1,0,,,,,,
179.264,21,Group Change Event,Group Change,,6,1,New Group,7,,,,,,,,
183.038,38,Input Transition On Event,Tray #1,,7,0,,,,,,,,,,
183.105,39,Input Transition Off Event,Tray #1,,7,0,,,,,,,,,,
183.443,39,Input Transition Off Event,BIRBeam #1,,7,0,,,,,,,,,,
183.679,38,Input Transition On Event,FIRBeam #1,,7,0,,,,,,,,,,
184.078,39,Input Transition Off Event,FIRBeam #1,,7,0,,,,,,,,,,
184.331,38,Input Transition On Event,FIRBeam #1,,7,0,,,,,,,,,,
185.04,39,Input Transition Off Event,FIRBeam #1,,7,0,,,,,,,,,,
185.045,30,Touch Down Event,Bussey Mouse Operant Mode 3 x 1 x low,,7,4,Position,3,Image 1,0,CoordX,61,CoordY,184,,
185.045,1,Condition Event,Incorrect,,7,0,,,,,,,,,,
185.045,32,Whisker - Display Image,Bussey Mouse Operant Mode 3 x 1 x low,Background,7,2,Position,2,Image 1,0,,,,,,
185.045,32,Whisker - Display Image,Bussey Mouse Operant Mode 3 x 1 x low,Background,7,2,Position,3,Image 1,0,,,,,,
185.045,3,Output On Event,Sound #1,,7,0,,,,,,,,,,
185.045,3,Output On Event,Sound #2,,7,0,,,,,,,,,,
185.045,3,Output On Event,Sound #3,,7,0,,,,,,,,,,
185.045,7,Pulse Output Event,Sound_On #1,,7,1,Duration,0,,,,,,,,
185.045,29,Timer Event,Time_Out_Timer,,7,1,Value,0,,,,,,,,
185.045,21,Group Change Event,Group Change,,7,1,New Group,10,,,,,,,,
185.045,1,Condition Event,TO Houselight On,,10,0,,,,,,,,,,
185.045,3,Output On Event,HouseLight #1,,10,0,,,,,,,,,,
185.045,21,Group Change Event,Group Change,,10,1,New Group,11,,,,,,,,
185.045,1,Condition Event,Sequential Correction Trials,,11,0,,,,,,,,,,
185.045,16,Variable Event,Sequential_Correction_Trials,,11,1,Value,1,,,,,,,,
185.045,16,Variable Event,Increment_this_trial,,11,1,Value,0,,,,,,,,
185.045,21,Group Change Event,Group Change,,11,1,New Group,12,,,,,,,,
185.045,1,Condition Event,Incorrect Trails to Correction Trial,,12,0,,,,,,,,,,
185.045,16,Variable Event,Correction_Counter,,12,1,Value,2,,,,,,,,
185.045,21,Group Change Event,Group Change,,12,1,New Group,18,,,,,,,,
185.045,1,Condition Event,Change ITI time,,18,0,,,,,,,,,,
185.045,16,Variable Event,ITI,,18,1,Value,20,,,,,,,,
185.045,21,Group Change Event,Group Change,,18,1,New Group,13,,,,,,,,
185.221,31,Touch Up Event,Bussey Mouse Operant Mode 3 x 1 x low,,13,4,Position,3,Image 1,0,CoordX,43,CoordY,154,,
185.347,38,Input Transition On Event,FIRBeam #1,,13,0,,,,,,,,,,
185.427,39,Input Transition Off Event,FIRBeam #1,,13,0,,,,,,,,,,
187.33,38,Input Transition On Event,FIRBeam #1,,13,0,,,,,,,,,,
189.475,39,Input Transition Off Event,FIRBeam #1,,13,0,,,,,,,,,,
189.776,38,Input Transition On Event,FIRBeam #1,,13,0,,,,,,,,,,
190.045,1,Condition Event,Time Out End,,13,0,,,,,,,,,,
190.045,29,Timer Event,ITI_Timer,,13,1,Value,0,,,,,,,,
190.045,21,Group Change Event,Group Change,,13,1,New Group,14,,,,,,,,
190.045,1,Condition Event,Reset Houselight off,,14,0,,,,,,,,,,
190.045,4,Output Off Event,HouseLight #1,,14,0,,,,,,,,,,
190.045,21,Group Change Event,Group Change,,14,1,New Group,9,,,,,,,,
190.169,39,Input Transition Off Event,FIRBeam #1,,9,0,,,,,,,,,,
190.303,38,Input Transition On Event,BIRBeam #1,,9,0,,,,,,,,,,
190.618,38,Input Transition On Event,Tray #1,,9,0,,,,,,,,,,
190.639,39,Input Transition Off Event,Tray #1,,9,0,,,,,,,,,,
190.656,38,Input Transition On Event,Tray #1,,9,0,,,,,,,,,,
190.679,39,Input Transition Off Event,Tray #1,,9,0,,,,,,,,,,
194.992,38,Input Transition On Event,Tray #1,,9,0,,,,,,,,,,
196.12,39,Input Transition Off Event,Tray #1,,9,0,,,,,,,,,,
196.149,38,Input Transition On Event,Tray #1,,9,0,,,,,,,,,,
197.771,39,Input Transition Off Event,Tray #1,,9,0,,,,,,,,,,
201.089,38,Input Transition On Event,Tray #1,,9,0,,,,,,,,,,
201.43,39,Input Transition Off Event,Tray #1,,9,0,,,,,,,,,,
209.24,38,Input Transition On Event,Tray #1,,9,0,,,,,,,,,,
209.404,39,Input Transition Off Event,Tray #1,,9,0,,,,,,,,,,
210.026,38,Input Transition On Event,Tray #1,,9,0,,,,,,,,,,
210.045,1,Condition Event,Next trial,,9,0,,,,,,,,,,
210.045,3,Output On Event,TrayLight #1,,9,0,,,,,,,,,,
210.045,16,Variable Event,First_Trial,,9,1,Value,0,,,,,,,,
210.045,16,Variable Event,First_Analysis,,9,1,Value,1,,,,,,,,
210.045,16,Variable Event,ITI,,9,1,Value,20,,,,,,,,
210.045,21,Group Change Event,Group Change,,9,1,New Group,15,,,,,,,,
210.045,1,Condition Event,Start Correction Trial,,15,0,,,,,,,,,,
210.045,16,Variable Event,Correction_Trial,,15,1,Value,1,,,,,,,,
210.045,21,Group Change Event,Group Change,,15,1,New Group,16,,,,,,,,
210.045,1,Condition Event,Tray Entry Noted,,16,0,,,,,,,,,,
210.045,4,Output Off Event,TrayLight #1,,16,0,,,,,,,,,,
210.045,4,Output Off Event,Sound #1,,16,0,,,,,,,,,,
210.045,4,Output Off Event,Sound #2,,16,0,,,,,,,,,,
210.045,4,Output Off Event,Sound #3,,16,0,,,,,,,,,,
210.045,7,Pulse Output Event,Sound_On #1,,16,1,Duration,0,,,,,,,,
210.045,21,Group Change Event,Group Change,,16,1,New Group,17,,,,,,,,
210.487,39,Input Transition Off Event,Tray #1,,17,0,,,,,,,,,,
210.487,1,Condition Event,Tray Exit Starts Correction Trial,,17,0,,,,,,,,,,
210.487,16,Variable Event,Total_No_Correction_Trials,,17,1,Value,2,,,,,,,,
210.487,21,Group Change Event,Group Change,,17,1,New Group,6,,,,,,,,
210.487,1,Condition Event,Display Images,,6,0,,,,,,,,,,
210.487,32,Whisker - Display Image,Bussey Mouse Operant Mode 3 x 1 x low,Images,6,2,Position,2,Image 2,1,,,,,,
210.487,32,Whisker - Display Image,Bussey Mouse Operant Mode 3 x 1 x low,Images,6,2,Position,3,Image 1,0,,,,,,
210.487,21,Group Change Event,Group Change,,6,1,New Group,7,,,,,,,,
211.005,39,Input Transition Off Event,BIRBeam #1,,7,0,,,,,,,,,,
211.709,38,Input Transition On Event,FIRBeam #1,,7,0,,,,,,,,,,
212.57,39,Input Transition Off Event,FIRBeam #1,,7,0,,,,,,,,,,
212.697,30,Touch Down Event,Bussey Mouse Operant Mode 3 x 1 x low,,7,4,Position,3,Image 1,0,CoordX,78,CoordY,130,,
212.697,1,Condition Event,Incorrect,,7,0,,,,,,,,,,
212.697,32,Whisker - Display Image,Bussey Mouse Operant Mode 3 x 1 x low,Background,7,2,Position,2,Image 1,0,,,,,,
212.697,32,Whisker - Display Image,Bussey Mouse Operant Mode 3 x 1 x low,Background,7,2,Position,3,Image 1,0,,,,,,
212.697,3,Output On Event,Sound #1,,7,0,,,,,,,,,,
212.697,3,Output On Event,Sound #2,,7,0,,,,,,,,,,
212.697,3,Output On Event,Sound #3,,7,0,,,,,,,,,,
212.697,7,Pulse Output Event,Sound_On #1,,7,1,Duration,0,,,,,,,,
212.697,29,Timer Event,Time_Out_Timer,,7,1,Value,0,,,,,,,,
212.697,21,Group Change Event,Group Change,,7,1,New Group,10,,,,,,,,
212.698,1,Condition Event,TO Houselight On,,10,0,,,,,,,,,,
212.698,3,Output On Event,HouseLight #1,,10,0,,,,,,,,,,
212.698,21,Group Change Event,Group Change,,10,1,New Group,11,,,,,,,,
212.698,1,Condition Event,Sequential Correction Trials,,11,0,,,,,,,,,,
212.698,16,Variable Event,Sequential_Correction_Trials,,11,1,Value,2,,,,,,,,
212.698,16,Variable Event,Increment_this_trial,,11,1,Value,0,,,,,,,,
212.698,21,Group Change Event,Group Change,,11,1,New Group,12,,,,,,,,
212.698,1,Condition Event,Incorrect Trails to Correction Trial,,12,0,,,,,,,,,,
212.698,16,Variable Event,Correction_Counter,,12,1,Value,3,,,,,,,,
212.698,21,Group Change Event,Group Change,,12,1,New Group,18,,,,,,,,
212.698,1,Condition Event,Change ITI time,,18,0,,,,,,,,,,
212.698,16,Variable Event,ITI,,18,1,Value,20,,,,,,,,
212.698,21,Group Change Event,Group Change,,18,1,New Group,13,,,,,,,,
212.737,31,Touch Up Event,Bussey Mouse Operant Mode 3 x 1 x low,,13,4,Position,3,Image 1,0,CoordX,78,CoordY,130,,
215.831,38,Input Transition On Event,FIRBeam #1,,13,0,,,,,,,,,,
216.184,39,Input Transition Off Event,FIRBeam #1,,13,0,,,,,,,,,,
216.37,38,Input Transition On Event,BIRBeam #1,,13,0,,,,,,,,,,
216.646,38,Input Transition On Event,Tray #1,,13,0,,,,,,,,,,
216.7,39,Input Transition Off Event,Tray #1,,13,0,,,,,,,,,,
216.806,39,Input Transition Off Event,BIRBeam #1,,13,0,,,,,,,,,,
216.918,38,Input Transition On Event,BIRBeam #1,,13,0,,,,,,,,,,
217.697,1,Condition Event,Time Out End,,13,0,,,,,,,,,,
217.697,29,Timer Event,ITI_Timer,,13,1,Value,0,,,,,,,,
217.697,21,Group Change Event,Group Change,,13,1,New Group,14,,,,,,,,
217.698,1,Condition Event,Reset Houselight off,,14,0,,,,,,,,,,
217.698,4,Output Off Event,HouseLight #1,,14,0,,,,,,,,,,
217.698,21,Group Change Event,Group Change,,14,1,New Group,9,,,,,,,,
218.767,39,Input Transition Off Event,BIRBeam #1,,9,0,,,,,,,,,,
218.988,38,Input Transition On Event,BIRBeam #1,,9,0,,,,,,,,,,
219.796,38,Input Transition On Event,Tray #1,,9,0,,,,,,,,,,
220.019,39,Input Transition Off Event,Tray #1,,9,0,,,,,,,,,,
220.432,39,Input Transition Off Event,BIRBeam #1,,9,0,,,,,,,,,,
222.344,38,Input Transition On Event,FIRBeam #1,,9,0,,,,,,,,,,
223.489,39,Input Transition Off Event,FIRBeam #1,,9,0,,,,,,,,,,
224.939,38,Input Transition On Event,FIRBeam #1,,9,0,,,,,,,,,,
225.105,39,Input Transition Off Event,FIRBeam #1,,9,0,,,,,,,,,,
227.577,38,Input Transition On Event,FIRBeam #1,,9,0,,,,,,,,,,
228.261,39,Input Transition Off Event,FIRBeam #1,,9,0,,,,,,,,,,
229.021,38,Input Transition On Event,FIRBeam #1,,9,0,,,,,,,,,,
229.779,39,Input Transition Off Event,FIRBeam #1,,9,0,,,,,,,,,,
229.808,38,Input Transition On Event,FIRBeam #1,,9,0,,,,,,,,,,
230.172,39,Input Transition Off Event,FIRBeam #1,,9,0,,,,,,,,,,
231.016,38,Input Transition On Event,FIRBeam #1,,9,0,,,,,,,,,,
231.96,39,Input Transition Off Event,FIRBeam #1,,9,0,,,,,,,,,,
232.201,38,Input Transition On Event,BIRBeam #1,,9,0,,,,,,,,,,
232.86,38,Input Transition On Event,Tray #1,,9,0,,,,,,,,,,
232.879,39,Input Transition Off Event,Tray #1,,9,0,,,,,,,,,,
232.9,38,Input Transition On Event,Tray #1,,9,0,,,,,,,,,,
234.339,39,Input Transition Off Event,Tray #1,,9,0,,,,,,,,,,
235.723,39,Input Transition Off Event,BIRBeam #1,,9,0,,,,,,,,,,
236.521,38,Input Transition On Event,FIRBeam #1,,9,0,,,,,,,,,,
236.768,39,Input Transition Off Event,FIRBeam #1,,9,0,,,,,,,,,,
237.697,1,Condition Event,Next trial,,9,0,,,,,,,,,,
237.697,3,Output On Event,TrayLight #1,,9,0,,,,,,,,,,
237.697,16,Variable Event,First_Trial,,9,1,Value,0,,,,,,,,
237.697,16,Variable Event,First_Analysis,,9,1,Value,1,,,,,,,,
237.697,16,Variable Event,ITI,,9,1,Value,20,,,,,,,,
237.697,21,Group Change Event,Group Change,,9,1,New Group,15,,,,,,,,
237.698,1,Condition Event,Start Correction Trial,,15,0,,,,,,,,,,
237.698,16,Variable Event,Correction_Trial,,15,1,Value,1,,,,,,,,
237.698,21,Group Change Event,Group Change,,15,1,New Group,16,,,,,,,,
238.025,38,Input Transition On Event,FIRBeam #1,,16,0,,,,,,,,,,
238.467,39,Input Transition Off Event,FIRBeam #1,,16,0,,,,,,,,,,
238.613,38,Input Transition On Event,BIRBeam #1,,16,0,,,,,,,,,,
238.815,38,Input Transition On Event,Tray #1,,16,0,,,,,,,,,,
238.815,1,Condition Event,Tray Entry Noted,,16,0,,,,,,,,,,
238.815,4,Output Off Event,TrayLight #1,,16,0,,,,,,,,,,
238.815,4,Output Off Event,Sound #1,,16,0,,,,,,,,,,
238.815,4,Output Off Event,Sound #2,,16,0,,,,,,,,,,
238.815,4,Output Off Event,Sound #3,,16,0,,,,,,,,,,
238.815,7,Pulse Output Event,Sound_On #1,,16,1,Duration,0,,,,,,,,
238.815,21,Group Change Event,Group Change,,16,1,New Group,17,,,,,,,,
238.995,39,Input Transition Off Event,Tray #1,,17,0,,,,,,,,,,
238.995,1,Condition Event,Tray Exit Starts Correction Trial,,17,0,,,,,,,,,,
238.995,16,Variable Event,Total_No_Correction_Trials,,17,1,Value,3,,,,,,,,
238.995,21,Group Change Event,Group Change,,17,1,New Group,6,,,,,,,,
238.995,1,Condition Event,Display Images,,6,0,,,,,,,,,,
238.995,32,Whisker - Display Image,Bussey Mouse Operant Mode 3 x 1 x low,Images,6,2,Position,2,Image 2,1,,,,,,
238.995,32,Whisker - Display Image,Bussey Mouse Operant Mode 3 x 1 x low,Images,6,2,Position,3,Image 1,0,,,,,,
238.995,21,Group Change Event,Group Change,,6,1,New Group,7,,,,,,,,
240.109,39,Input Transition Off Event,BIRBeam #1,,7,0,,,,,,,,,,
240.488,38,Input Transition On Event,FIRBeam #1,,7,0,,,,,,,,,,
241.105,39,Input Transition Off Event,FIRBeam #1,,7,0,,,,,,,,,,
241.23,30,Touch Down Event,Bussey Mouse Operant Mode 3 x 1 x low,,7,4,Position,3,Image 1,0,CoordX,114,CoordY,118,,
241.231,1,Condition Event,Incorrect,,7,0,,,,,,,,,,
241.231,32,Whisker - Display Image,Bussey Mouse Operant Mode 3 x 1 x low,Background,7,2,Position,2,Image 1,0,,,,,,
241.231,32,Whisker - Display Image,Bussey Mouse Operant Mode 3 x 1 x low,Background,7,2,Position,3,Image 1,0,,,,,,
241.231,3,Output On Event,Sound #1,,7,0,,,,,,,,,,
241.231,3,Output On Event,Sound #2,,7,0,,,,,,,,,,
241.231,3,Output On Event,Sound #3,,7,0,,,,,,,,,,
241.231,7,Pulse Output Event,Sound_On #1,,7,1,Duration,0,,,,,,,,
241.231,29,Timer Event,Time_Out_Timer,,7,1,Value,0,,,,,,,,
241.231,21,Group Change Event,Group Change,,7,1,New Group,10,,,,,,,,
241.231,1,Condition Event,TO Houselight On,,10,0,,,,,,,,,,
241.231,3,Output On Event,HouseLight #1,,10,0,,,,,,,,,,
241.231,21,Group Change Event,Group Change,,10,1,New Group,11,,,,,,,,
241.231,1,Condition Event,Sequential Correction Trials,,11,0,,,,,,,,,,
241.231,16,Variable Event,Sequential_Correction_Trials,,11,1,Value,3,,,,,,,,
241.231,16,Variable Event,Increment_this_trial,,11,1,Value,0,,,,,,,,
241.231,21,Group Change Event,Group Change,,11,1,New Group,12,,,,,,,,
241.231,1,Condition Event,Incorrect Trails to Correction Trial,,12,0,,,,,,,,,,
241.231,16,Variable Event,Correction_Counter,,12,1,Value,4,,,,,,,,
241.231,21,Group Change Event,Group Change,,12,1,New Group,18,,,,,,,,
241.231,1,Condition Event,Change ITI time,,18,0,,,,,,,,,,
241.231,16,Variable Event,ITI,,18,1,Value,20,,,,,,,,
241.231,21,Group Change Event,Group Change,,18,1,New Group,13,,,,,,,,
241.721,31,Touch Up Event,Bussey Mouse Operant Mode 3 x 1 x low,,13,4,Position,3,Image 1,0,CoordX,61,CoordY,95,,
241.768,38,Input Transition On Event,FIRBeam #1,,13,0,,,,,,,,,,
242.538,39,Input Transition Off Event,FIRBeam #1,,13,0,,,,,,,,,,
242.721,38,Input Transition On Event,BIRBeam #1,,13,0,,,,,,,,,,
243.362,38,Input Transition On Event,Tray #1,,13,0,,,,,,,,,,
243.566,39,Input Transition Off Event,Tray #1,,13,0,,,,,,,,,,
244.79,39,Input Transition Off Event,BIRBeam #1,,13,0,,,,,,,,,,
244.957,38,Input Transition On Event,BIRBeam #1,,13,0,,,,,,,,,,
245.275,39,Input Transition Off Event,BIRBeam #1,,13,0,,,,,,,,,,
245.493,38,Input Transition On Event,BIRBeam #1,,13,0,,,,,,,,,,
246.081,38,Input Transition On Event,Tray #1,,13,0,,,,,,,,,,
246.231,1,Condition Event,Time Out End,,13,0,,,,,,,,,,
246.231,29,Timer Event,ITI_Timer,,13,1,Value,0,,,,,,,,
246.231,21,Group Change Event,Group Change,,13,1,New Group,14,,,,,,,,
246.231,1,Condition Event,Reset Houselight off,,14,0,,,,,,,,,,
246.231,4,Output Off Event,HouseLight #1,,14,0,,,,,,,,,,
246.231,21,Group Change Event,Group Change,,14,1,New Group,9,,,,,,,,
246.911,39,Input Transition Off Event,Tray #1,,9,0,,,,,,,,,,
247.293,39,Input Transition Off Event,BIRBeam #1,,9,0,,,,,,,,,,
247.825,38,Input Transition On Event,FIRBeam #1,,9,0,,,,,,,,,,
248.321,39,Input Transition Off Event,FIRBeam #1,,9,0,,,,,,,,,,
248.787,30,Touch Down Event,Bussey Mouse Operant Mode 3 x 1 x low,,9,4,Position,1,Image 1,0,CoordX,85,CoordY,174,,
248.788,1,Condition Event,Left Screen Touches,,9,0,,,,,,,,,,
248.788,16,Variable Event,Left_Touches_during_ITI,,9,1,Value,10,,,,,,,,
248.788,61,Group Maintain Event,Group Change,,9,1,New Group,9,,,,,,,,
248.807,31,Touch Up Event,Bussey Mouse Operant Mode 3 x 1 x low,,9,4,Position,1,Image 1,0,CoordX,85,CoordY,174,,
248.946,30,Touch Down Event,Bussey Mouse Operant Mode 3 x 1 x low,,9,4,Position,1,Image 1,0,CoordX,138,CoordY,154,,
248.947,1,Condition Event,Left Screen Touches,,9,0,,,,,,,,,,
248.947,16,Variable Event,Left_Touches_during_ITI,,9,1,Value,11,,,,,,,,
248.947,61,Group Maintain Event,Group Change,,9,1,New Group,9,,,,,,,,
249.043,31,Touch Up Event,Bussey Mouse Operant Mode 3 x 1 x low,,9,4,Position,1,Image 1,0,CoordX,138,CoordY,154,,
250.851,30,Touch Down Event,Bussey Mouse Operant Mode 3 x 1 x low,,9,4,Position,1,Image 1,0,CoordX,36,CoordY,67,,
250.851,1,Condition Event,Left Screen Touches,,9,0,,,,,,,,,,
250.851,16,Variable Event,Left_Touches_during_ITI,,9,1,Value,12,,,,,,,,
250.851,61,Group Maintain Event,Group Change,,9,1,New Group,9,,,,,,,,
252.443,31,Touch Up Event,Bussey Mouse Operant Mode 3 x 1 x low,,9,4,Position,1,Image 1,0,CoordX,53,CoordY,212,,
252.562,30,Touch Down Event,Bussey Mouse Operant Mode 3 x 1 x low,,9,4,Position,0,(NoImageOrVideo),-1,CoordX,79,CoordY,555,,
253.142,31,Touch Up Event,Bussey Mouse Operant Mode 3 x 1 x low,,9,4,Position,0,(NoImageOrVideo),-1,CoordX,74,CoordY,555,,
253.861,30,Touch Down Event,Bussey Mouse Operant Mode 3 x 1 x low,,9,4,Position,1,Image 1,0,CoordX,36,CoordY,226,,
253.861,1,Condition Event,Left Screen Touches,,9,0,,,,,,,,,,
253.861,16,Variable Event,Left_Touches_during_ITI,,9,1,Value,13,,,,,,,,
253.861,61,Group Maintain Event,Group Change,,9,1,New Group,9,,,,,,,,
255.134,31,Touch Up Event,Bussey Mouse Operant Mode 3 x 1 x low,,9,4,Position,0,(NoImageOrVideo),-1,CoordX,114,CoordY,555,,
256.727,38,Input Transition On Event,FIRBeam #1,,9,0,,,,,,,,,,
258.343,39,Input Transition Off Event,FIRBeam #1,,9,0,,,,,,,,,,
259.392,30,Touch Down Event,Bussey Mouse Operant Mode 3 x 1 x low,,9,4,Position,1,Image 1,0,CoordX,138,CoordY,144,,
259.392,1,Condition Event,Left Screen Touches,,9,0,,,,,,,,,,
259.392,16,Variable Event,Left_Touches_during_ITI,,9,1,Value,14,,,,,,,,
259.392,61,Group Maintain Event,Group Change,,9,1,New Group,9,,,,,,,,
260.785,31,Touch Up Event,Bussey Mouse Operant Mode 3 x 1 x low,,9,4,Position,1,Image 1,0,CoordX,18,CoordY,193,,
260.944,30,Touch Down Event,Bussey Mouse Operant Mode 3 x 1 x low,,9,4,Position,1,Image 1,0,CoordX,53,CoordY,128,,
260.944,1,Condition Event,Left Screen Touches,,9,0,,,,,,,,,,
260.944,16,Variable Event,Left_Touches_during_ITI,,9,1,Value,15,,,,,,,,
260.944,61,Group Maintain Event,Group Change,,9,1,New Group,9,,,,,,,,
261.756,31,Touch Up Event,Bussey Mouse Operant Mode 3 x 1 x low,,9,4,Position,1,Image 1,0,CoordX,53,CoordY,135,,
263.271,38,Input Transition On Event,FIRBeam #1,,9,0,,,,,,,,,,
263.997,39,Input Transition Off Event,FIRBeam #1,,9,0,,,,,,,,,,
264.62,38,Input Transition On Event,FIRBeam #1,,9,0,,,,,,,,,,
265.541,39,Input Transition Off Event,FIRBeam #1,,9,0,,,,,,,,,,
265.595,30,Touch Down Event,Bussey Mouse Operant Mode 3 x 1 x low,,9,4,Position,3,Image 1,0,CoordX,96,CoordY,212,,
265.596,1,Condition Event,Right Screen Touches,,9,0,,,,,,,,,,
265.596,16,Variable Event,Right_touches_during_ITI,,9,1,Value,3,,,,,,,,
265.596,61,Group Maintain Event,Group Change,,9,1,New Group,9,,,,,,,,
265.692,31,Touch Up Event,Bussey Mouse Operant Mode 3 x 1 x low,,9,4,Position,3,Image 1,0,CoordX,78,CoordY,179,,
265.83,30,Touch Down Event,Bussey Mouse Operant Mode 3 x 1 x low,,9,4,Position,0,(NoImageOrVideo),-1,CoordX,627,CoordY,555,,
265.909,31,Touch Up Event,Bussey Mouse Operant Mode 3 x 1 x low,,9,4,Position,0,(NoImageOrVideo),-1,CoordX,627,CoordY,555,,
266.231,1,Condition Event,Next trial,,9,0,,,,,,,,,,
266.231,3,Output On Event,TrayLight #1,,9,0,,,,,,,,,,
266.231,16,Variable Event,First_Trial,,9,1,Value,0,,,,,,,,
266.231,16,Variable Event,First_Analysis,,9,1,Value,1,,,,,,,,
266.231,16,Variable Event,ITI,,9,1,Value,20,,,,,,,,
266.231,21,Group Change Event,Group Change,,9,1,New Group,15,,,,,,,,
266.231,1,Condition Event,Start Correction Trial,,15,0,,,,,,,,,,
266.231,16,Variable Event,Correction_Trial,,15,1,Value,1,,,,,,,,
266.231,21,Group Change Event,Group Change,,15,1,New Group,16,,,,,,,,
267.048,38,Input Transition On Event,FIRBeam #1,,16,0,,,,,,,,,,
267.329,39,Input Transition Off Event,FIRBeam #1,,16,0,,,,,,,,,,
267.507,38,Input Transition On Event,BIRBeam #1,,16,0,,,,,,,,,,
267.829,38,Input Transition On Event,Tray #1,,16,0,,,,,,,,,,
267.83,1,Condition Event,Tray Entry Noted,,16,0,,,,,,,,,,
267.83,4,Output Off Event,TrayLight #1,,16,0,,,,,,,,,,
267.83,4,Output Off Event,Sound #1,,16,0,,,,,,,,,,
267.83,4,Output Off Event,Sound #2,,16,0,,,,,,,,,,
267.83,4,Output Off Event,Sound #3,,16,0,,,,,,,,,,
267.83,7,Pulse Output Event,Sound_On #1,,16,1,Duration,0,,,,,,,,
267.83,21,Group Change Event,Group Change,,16,1,New Group,17,,,,,,,,
268.131,39,Input Transition Off Event,Tray #1,,17,0,,,,,,,,,,
268.131,1,Condition Event,Tray Exit Starts Correction Trial,,17,0,,,,,,,,,,
268.131,16,Variable Event,Total_No_Correction_Trials,,17,1,Value,4,,,,,,,,
268.131,21,Group Change Event,Group Change,,17,1,New Group,6,,,,,,,,
268.132,1,Condition Event,Display Images,,6,0,,,,,,,,,,
268.132,32,Whisker - Display Image,Bussey Mouse Operant Mode 3 x 1 x low,Images,6,2,Position,2,Image 2,1,,,,,,
268.132,32,Whisker - Display Image,Bussey Mouse Operant Mode 3 x 1 x low,Images,6,2,Position,3,Image 1,0,,,,,,
268.132,21,Group Change Event,Group Change,,6,1,New Group,7,,,,,,,,
268.305,39,Input Transition Off Event,BIRBeam #1,,7,0,,,,,,,,,,
268.684,38,Input Transition On Event,FIRBeam #1,,7,0,,,,,,,,,,
269.276,39,Input Transition Off Event,FIRBeam #1,,7,0,,,,,,,,,,
269.726,30,Touch Down Event,Bussey Mouse Operant Mode 3 x 1 x low,,7,4,Position,3,Image 1,0,CoordX,43,CoordY,174,,
269.727,1,Condition Event,Incorrect,,7,0,,,,,,,,,,
269.727,32,Whisker - Display Image,Bussey Mouse Operant Mode 3 x 1 x low,Background,7,2,Position,2,Image 1,0,,,,,,
269.727,32,Whisker - Display Image,Bussey Mouse Operant Mode 3 x 1 x low,Background,7,2,Position,3,Image 1,0,,,,,,
269.727,3,Output On Event,Sound #1,,7,0,,,,,,,,,,
269.727,3,Output On Event,Sound #2,,7,0,,,,,,,,,,
269.727,3,Output On Event,Sound #3,,7,0,,,,,,,,,,
269.727,7,Pulse Output Event,Sound_On #1,,7,1,Duration,0,,,,,,,,
269.727,29,Timer Event,Time_Out_Timer,,7,1,Value,0,,,,,,,,
269.727,21,Group Change Event,Group Change,,7,1,New Group,10,,,,,,,,
269.727,1,Condition Event,TO Houselight On,,10,0,,,,,,,,,,
269.727,3,Output On Event,HouseLight #1,,10,0,,,,,,,,,,
269.727,21,Group Change Event,Group Change,,10,1,New Group,11,,,,,,,,
269.727,1,Condition Event,Sequential Correction Trials,,11,0,,,,,,,,,,
269.727,16,Variable Event,Sequential_Correction_Trials,,11,1,Value,4,,,,,,,,
269.727,16,Variable Event,Increment_this_trial,,11,1,Value,0,,,,,,,,
269.727,21,Group Change Event,Group Change,,11,1,New Group,12,,,,,,,,
269.727,1,Condition Event,Incorrect Trails to Correction Trial,,12,0,,,,,,,,,,
269.727,16,Variable Event,Correction_Counter,,12,1,Value,5,,,,,,,,
269.727,21,Group Change Event,Group Change,,12,1,New Group,18,,,,,,,,
269.727,1,Condition Event,Change ITI time,,18,0,,,,,,,,,,
269.727,16,Variable Event,ITI,,18,1,Value,20,,,,,,,,
269.727,21,Group Change Event,Group Change,,18,1,New Group,13,,,,,,,,
269.764,31,Touch Up Event,Bussey Mouse Operant Mode 3 x 1 x low,,13,4,Position,3,Image 1,0,CoordX,43,CoordY,174,,
269.875,38,Input Transition On Event,FIRBeam #1,,13,0,,,,,,,,,,
269.967,39,Input Transition Off Event,FIRBeam #1,,13,0,,,,,,,,,,
270.866,38,Input Transition On Event,FIRBeam #1,,13,0,,,,,,,,,,
271.735,39,Input Transition Off Event,FIRBeam #1,,13,0,,,,,,,,,,
272.571,38,Input Transition On Event,FIRBeam #1,,13,0,,,,,,,,,,
272.95,39,Input Transition Off Event,FIRBeam #1,,13,0,,,,,,,,,,
274.727,1,Condition Event,Time Out End,,13,0,,,,,,,,,,
274.727,29,Timer Event,ITI_Timer,,13,1,Value,0,,,,,,,,
274.727,21,Group Change Event,Group Change,,13,1,New Group,14,,,,,,,,
274.727,1,Condition Event,Reset Houselight off,,14,0,,,,,,,,,,
274.727,4,Output Off Event,HouseLight #1,,14,0,,,,,,,,,,
274.727,21,Group Change Event,Group Change,,14,1,New Group,9,,,,,,,,
274.994,38,Input Transition On Event,FIRBeam #1,,9,0,,,,,,,,,,
275.939,39,Input Transition Off Event,FIRBeam #1,,9,0,,,,,,,,,,
276.744,38,Input Transition On Event,BIRBeam #1,,9,0,,,,,,,,,,
277.338,38,Input Transition On Event,Tray #1,,9,0,,,,,,,,,,
277.53,39,Input Transition Off Event,Tray #1,,9,0,,,,,,,,,,
277.99,39,Input Transition Off Event,BIRBeam #1,,9,0,,,,,,,,,,
278.97,38,Input Transition On Event,FIRBeam #1,,9,0,,,,,,,,,,
279.225,39,Input Transition Off Event,FIRBeam #1,,9,0,,,,,,,,,,
283.349,38,Input Transition On Event,BIRBeam #1,,9,0,,,,,,,,,,
284.463,39,Input Transition Off Event,BIRBeam #1,,9,0,,,,,,,,,,
284.974,38,Input Transition On Event,FIRBeam #1,,9,0,,,,,,,,,,
285.686,39,Input Transition Off Event,FIRBeam #1,,9,0,,,,,,,,,,
287.062,30,Touch Down Event,Bussey Mouse Operant Mode 3 x 1 x low,,9,4,Position,3,Image 1,0,CoordX,181,CoordY,65,,
287.063,1,Condition Event,Right Screen Touches,,9,0,,,,,,,,,,
287.063,16,Variable Event,Right_touches_during_ITI,,9,1,Value,4,,,,,,,,
287.063,61,Group Maintain Event,Group Change,,9,1,New Group,9,,,,,,,,
289.32,31,Touch Up Event,Bussey Mouse Operant Mode 3 x 1 x low,,9,4,Position,3,Image 1,0,CoordX,146,CoordY,80,,
290.64,38,Input Transition On Event,FIRBeam #1,,9,0,,,,,,,,,,
291.039,39,Input Transition Off Event,FIRBeam #1,,9,0,,,,,,,,,,
291.228,38,Input Transition On Event,BIRBeam #1,,9,0,,,,,,,,,,
292.821,39,Input Transition Off Event,BIRBeam #1,,9,0,,,,,,,,,,
294.569,38,Input Transition On Event,FIRBeam #1,,9,0,,,,,,,,,,
294.727,1,Condition Event,Next trial,,9,0,,,,,,,,,,
294.727,3,Output On Event,TrayLight #1,,9,0,,,,,,,,,,
294.727,16,Variable Event,First_Trial,,9,1,Value,0,,,,,,,,
294.727,16,Variable Event,First_Analysis,,9,1,Value,1,,,,,,,,
294.727,16,Variable Event,ITI,,9,1,Value,20,,,,,,,,
294.727,21,Group Change Event,Group Change,,9,1,New Group,15,,,,,,,,
294.727,1,Condition Event,Start Correction Trial,,15,0,,,,,,,,,,
294.727,16,Variable Event,Correction_Trial,,15,1,Value,1,,,,,,,,
294.727,21,Group Change Event,Group Change,,15,1,New Group,16,,,,,,,,
295.23,39,Input Transition Off Event,FIRBeam #1,,16,0,,,,,,,,,,
295.352,38,Input Transition On Event,BIRBeam #1,,16,0,,,,,,,,,,
296.835,38,Input Transition On Event,Tray #1,,16,0,,,,,,,,,,
296.835,1,Condition Event,Tray Entry Noted,,16,0,,,,,,,,,,
296.835,4,Output Off Event,TrayLight #1,,16,0,,,,,,,,,,
296.835,4,Output Off Event,Sound #1,,16,0,,,,,,,,,,
296.835,4,Output Off Event,Sound #2,,16,0,,,,,,,,,,
296.835,4,Output Off Event,Sound #3,,16,0,,,,,,,,,,
296.835,7,Pulse Output Event,Sound_On #1,,16,1,Duration,0,,,,,,,,
296.835,21,Group Change Event,Group Change,,16,1,New Group,17,,,,,,,,
296.892,39,Input Transition Off Event,Tray #1,,17,0,,,,,,,,,,
296.892,1,Condition Event,Tray Exit Starts Correction Trial,,17,0,,,,,,,,,,
296.892,16,Variable Event,Total_No_Correction_Trials,,17,1,Value,5,,,,,,,,
296.892,21,Group Change Event,Group Change,,17,1,New Group,6,,,,,,,,
296.892,1,Condition Event,Display Images,,6,0,,,,,,,,,,
296.892,32,Whisker - Display Image,Bussey Mouse Operant Mode 3 x 1 x low,Images,6,2,Position,2,Image 2,1,,,,,,
296.892,32,Whisker - Display Image,Bussey Mouse Operant Mode 3 x 1 x low,Images,6,2,Position,3,Image 1,0,,,,,,
296.892,21,Group Change Event,Group Change,,6,1,New Group,7,,,,,,,,
296.972,38,Input Transition On Event,Tray #1,,7,0,,,,,,,,,,
297.221,39,Input Transition Off Event,Tray #1,,7,0,,,,,,,,,,
297.452,39,Input Transition Off Event,BIRBeam #1,,7,0,,,,,,,,,,
297.863,38,Input Transition On Event,FIRBeam #1,,7,0,,,,,,,,,,
298.543,39,Input Transition Off Event,FIRBeam #1,,7,0,,,,,,,,,,
298.567,30,Touch Down Event,Bussey Mouse Operant Mode 3 x 1 x low,,7,4,Position,3,Image 1,0,CoordX,78,CoordY,193,,
298.567,1,Condition Event,Incorrect,,7,0,,,,,,,,,,
298.567,32,Whisker - Display Image,Bussey Mouse Operant Mode 3 x 1 x low,Background,7,2,Position,2,Image 1,0,,,,,,
298.567,32,Whisker - Display Image,Bussey Mouse Operant Mode 3 x 1 x low,Background,7,2,Position,3,Image 1,0,,,,,,
298.567,3,Output On Event,Sound #1,,7,0,,,,,,,,,,
298.567,3,Output On Event,Sound #2,,7,0,,,,,,,,,,
298.567,3,Output On Event,Sound #3,,7,0,,,,,,,,,,
298.567,7,Pulse Output Event,Sound_On #1,,7,1,Duration,0,,,,,,,,
298.567,29,Timer Event,Time_Out_Timer,,7,1,Value,0,,,,,,,,
298.567,21,Group Change Event,Group Change,,7,1,New Group,10,,,,,,,,
298.567,1,Condition Event,TO Houselight On,,10,0,,,,,,,,,,
298.567,3,Output On Event,HouseLight #1,,10,0,,,,,,,,,,
298.567,21,Group Change Event,Group Change,,10,1,New Group,11,,,,,,,,
298.567,1,Condition Event,Sequential Correction Trials,,11,0,,,,,,,,,,
298.567,16,Variable Event,Sequential_Correction_Trials,,11,1,Value,5,,,,,,,,
298.567,16,Variable Event,Increment_this_trial,,11,1,Value,0,,,,,,,,
298.567,21,Group Change Event,Group Change,,11,1,New Group,12,,,,,,,,
298.567,1,Condition Event,Incorrect Trails to Correction Trial,,12,0,,,,,,,,,,
298.567,16,Variable Event,Correction_Counter,,12,1,Value,6,,,,,,,,
298.567,21,Group Change Event,Group Change,,12,1,New Group,18,,,,,,,,
298.567,1,Condition Event,Change ITI time,,18,0,,,,,,,,,,
298.567,16,Variable Event,ITI,,18,1,Value,20,,,,,,,,
298.567,21,Group Change Event,Group Change,,18,1,New Group,13,,,,,,,,
298.682,31,Touch Up Event,Bussey Mouse Operant Mode 3 x 1 x low,,13,4,Position,3,Image 1,0,CoordX,78,CoordY,174,,
299.062,38,Input Transition On Event,FIRBeam #1,,13,0,,,,,,,,,,
299.278,39,Input Transition Off Event,FIRBeam #1,,13,0,,,,,,,,,,
300.293,38,Input Transition On Event,BIRBeam #1,,13,0,,,,,,,,,,
300.543,39,Input Transition Off Event,BIRBeam #1,,13,0,,,,,,,,,,
301.468,38,Input Transition On Event,FIRBeam #1,,13,0,,,,,,,,,,
303.567,1,Condition Event,Time Out End,,13,0,,,,,,,,,,
303.567,29,Timer Event,ITI_Timer,,13,1,Value,0,,,,,,,,
303.567,21,Group Change Event,Group Change,,13,1,New Group,14,,,,,,,,
303.567,1,Condition Event,Reset Houselight off,,14,0,,,,,,,,,,
303.567,4,Output Off Event,HouseLight #1,,14,0,,,,,,,,,,
303.567,21,Group Change Event,Group Change,,14,1,New Group,9,,,,,,,,
303.592,39,Input Transition Off Event,FIRBeam #1,,9,0,,,,,,,,,,
304.031,38,Input Transition On Event,FIRBeam #1,,9,0,,,,,,,,,,
304.502,39,Input Transition Off Event,FIRBeam #1,,9,0,,,,,,,,,,
304.705,38,Input Transition On Event,BIRBeam #1,,9,0,,,,,,,,,,
305.411,38,Input Transition On Event,Tray #1,,9,0,,,,,,,,,,
305.635,39,Input Transition Off Event,Tray #1,,9,0,,,,,,,,,,
308.201,39,Input Transition Off Event,BIRBeam #1,,9,0,,,,,,,,,,
310.537,38,Input Transition On Event,BIRBeam #1,,9,0,,,,,,,,,,
312.34,39,Input Transition Off Event,BIRBeam #1,,9,0,,,,,,,,,,
314.814,38,Input Transition On Event,BIRBeam #1,,9,0,,,,,,,,,,
316.273,38,Input Transition On Event,Tray #1,,9,0,,,,,,,,,,
319.009,39,Input Transition Off Event,Tray #1,,9,0,,,,,,,,,,
321.958,39,Input Transition Off Event,BIRBeam #1,,9,0,,,,,,,,,,
323.187,38,Input Transition On Event,FIRBeam #1,,9,0,,,,,,,,,,
323.567,1,Condition Event,Next trial,,9,0,,,,,,,,,,
323.567,3,Output On Event,TrayLight #1,,9,0,,,,,,,,,,
323.567,16,Variable Event,First_Trial,,9,1,Value,0,,,,,,,,
323.567,16,Variable Event,First_Analysis,,9,1,Value,1,,,,,,,,
323.567,16,Variable Event,ITI,,9,1,Value,20,,,,,,,,
323.567,21,Group Change Event,Group Change,,9,1,New Group,15,,,,,,,,
323.567,1,Condition Event,Start Correction Trial,,15,0,,,,,,,,,,
323.567,16,Variable Event,Correction_Trial,,15,1,Value,1,,,,,,,,
323.567,21,Group Change Event,Group Change,,15,1,New Group,16,,,,,,,,
327.496,39,Input Transition Off Event,FIRBeam #1,,16,0,,,,,,,,,,
328.095,38,Input Transition On Event,BIRBeam #1,,16,0,,,,,,,,,,
328.366,38,Input Transition On Event,Tray #1,,16,0,,,,,,,,,,
328.366,1,Condition Event,Tray Entry Noted,,16,0,,,,,,,,,,
328.366,4,Output Off Event,TrayLight #1,,16,0,,,,,,,,,,
328.366,4,Output Off Event,Sound #1,,16,0,,,,,,,,,,
328.366,4,Output Off Event,Sound #2,,16,0,,,,,,,,,,
328.366,4,Output Off Event,Sound #3,,16,0,,,,,,,,,,
328.366,7,Pulse Output Event,Sound_On #1,,16,1,Duration,0,,,,,,,,
328.366,21,Group Change Event,Group Change,,16,1,New Group,17,,,,,,,,
328.418,39,Input Transition Off Event,Tray #1,,17,0,,,,,,,,,,
328.418,1,Condition Event,Tray Exit Starts Correction Trial,,17,0,,,,,,,,,,
328.418,16,Variable Event,Total_No_Correction_Trials,,17,1,Value,6,,,,,,,,
328.418,21,Group Change Event,Group Change,,17,1,New Group,6,,,,,,,,
328.418,1,Condition Event,Display Images,,6,0,,,,,,,,,,
328.418,32,Whisker - Display Image,Bussey Mouse Operant Mode 3 x 1 x low,Images,6,2,Position,2,Image 2,1,,,,,,
328.418,32,Whisker - Display Image,Bussey Mouse Operant Mode 3 x 1 x low,Images,6,2,Position,3,Image 1,0,,,,,,
328.418,21,Group Change Event,Group Change,,6,1,New Group,7,,,,,,,,
328.769,39,Input Transition Off Event,BIRBeam #1,,7,0,,,,,,,,,,
329.401,38,Input Transition On Event,FIRBeam #1,,7,0,,,,,,,,,,
331.253,30,Touch Down Event,Bussey Mouse Operant Mode 3 x 1 x low,,7,4,Position,3,Image 1,0,CoordX,78,CoordY,193,,
331.253,1,Condition Event,Incorrect,,7,0,,,,,,,,,,
331.253,32,Whisker - Display Image,Bussey Mouse Operant Mode 3 x 1 x low,Background,7,2,Position,2,Image 1,0,,,,,,
331.253,32,Whisker - Display Image,Bussey Mouse Operant Mode 3 x 1 x low,Background,7,2,Position,3,Image 1,0,,,,,,
331.253,3,Output On Event,Sound #1,,7,0,,,,,,,,,,
331.253,3,Output On Event,Sound #2,,7,0,,,,,,,,,,
331.253,3,Output On Event,Sound #3,,7,0,,,,,,,,,,
331.253,7,Pulse Output Event,Sound_On #1,,7,1,Duration,0,,,,,,,,
331.253,29,Timer Event,Time_Out_Timer,,7,1,Value,0,,,,,,,,
331.253,21,Group Change Event,Group Change,,7,1,New Group,10,,,,,,,,
331.254,1,Condition Event,TO Houselight On,,10,0,,,,,,,,,,
331.254,3,Output On Event,HouseLight #1,,10,0,,,,,,,,,,
331.254,21,Group Change Event,Group Change,,10,1,New Group,11,,,,,,,,
331.254,1,Condition Event,Sequential Correction Trials,,11,0,,,,,,,,,,
331.254,16,Variable Event,Sequential_Correction_Trials,,11,1,Value,6,,,,,,,,
331.254,16,Variable Event,Increment_this_trial,,11,1,Value,0,,,,,,,,
331.254,21,Group Change Event,Group Change,,11,1,New Group,12,,,,,,,,
331.254,1,Condition Event,Incorrect Trails to Correction Trial,,12,0,,,,,,,,,,
331.254,16,Variable Event,Correction_Counter,,12,1,Value,7,,,,,,,,
331.254,21,Group Change Event,Group Change,,12,1,New Group,18,,,,,,,,
331.254,1,Condition Event,Change ITI time,,18,0,,,,,,,,,,
331.254,16,Variable Event,ITI,,18,1,Value,20,,,,,,,,
331.254,21,Group Change Event,Group Change,,18,1,New Group,13,,,,,,,,
331.331,31,Touch Up Event,Bussey Mouse Operant Mode 3 x 1 x low,,13,4,Position,3,Image 1,0,CoordX,78,CoordY,193,,
331.571,39,Input Transition Off Event,FIRBeam #1,,13,0,,,,,,,,,,
332.771,38,Input Transition On Event,FIRBeam #1,,13,0,,,,,,,,,,
333.004,39,Input Transition Off Event,FIRBeam #1,,13,0,,,,,,,,,,
335.139,38,Input Transition On Event,FIRBeam #1,,13,0,,,,,,,,,,
335.28,39,Input Transition Off Event,FIRBeam #1,,13,0,,,,,,,,,,
335.466,38,Input Transition On Event,FIRBeam #1,,13,0,,,,,,,,,,
335.865,39,Input Transition Off Event,FIRBeam #1,,13,0,,,,,,,,,,
336.112,38,Input Transition On Event,FIRBeam #1,,13,0,,,,,,,,,,
336.253,1,Condition Event,Time Out End,,13,0,,,,,,,,,,
336.253,29,Timer Event,ITI_Timer,,13,1,Value,0,,,,,,,,
336.253,21,Group Change Event,Group Change,,13,1,New Group,14,,,,,,,,
336.254,1,Condition Event,Reset Houselight off,,14,0,,,,,,,,,,
336.254,4,Output Off Event,HouseLight #1,,14,0,,,,,,,,,,
336.254,21,Group Change Event,Group Change,,14,1,New Group,9,,,,,,,,
336.896,39,Input Transition Off Event,FIRBeam #1,,9,0,,,,,,,,,,
338.742,38,Input Transition On Event,FIRBeam #1,,9,0,,,,,,,,,,
339.717,39,Input Transition Off Event,FIRBeam #1,,9,0,,,,,,,,,,
339.979,38,Input Transition On Event,FIRBeam #1,,9,0,,,,,,,,,,
341.896,39,Input Transition Off Event,FIRBeam #1,,9,0,,,,,,,,,,
343.334,38,Input Transition On Event,FIRBeam #1,,9,0,,,,,,,,,,
344.96,39,Input Transition Off Event,FIRBeam #1,,9,0,,,,,,,,,,
345.941,38,Input Transition On Event,FIRBeam #1,,9,0,,,,,,,,,,
347.175,39,Input Transition Off Event,FIRBeam #1,,9,0,,,,,,,,,,
347.493,30,Touch Down Event,Bussey Mouse Operant Mode 3 x 1 x low,,9,4,Position,2,Image 1,0,CoordX,49,CoordY,135,,
347.493,1,Condition Event,Centre Screen Touches,,9,0,,,,,,,,,,
347.493,16,Variable Event,Centre_Touches_during_ITI,,9,1,Value,5,,,,,,,,
347.493,61,Group Maintain Event,Group Change,,9,1,New Group,9,,,,,,,,
347.572,31,Touch Up Event,Bussey Mouse Operant Mode 3 x 1 x low,,9,4,Position,2,Image 1,0,CoordX,49,CoordY,135,,
347.611,30,Touch Down Event,Bussey Mouse Operant Mode 3 x 1 x low,,9,4,Position,2,Image 1,0,CoordX,49,CoordY,41,,
347.611,1,Condition Event,Centre Screen Touches,,9,0,,,,,,,,,,
347.611,16,Variable Event,Centre_Touches_during_ITI,,9,1,Value,6,,,,,,,,
347.611,61,Group Maintain Event,Group Change,,9,1,New Group,9,,,,,,,,
347.829,31,Touch Up Event,Bussey Mouse Operant Mode 3 x 1 x low,,9,4,Position,2,Image 1,0,CoordX,49,CoordY,80,,
347.888,30,Touch Down Event,Bussey Mouse Operant Mode 3 x 1 x low,,9,4,Position,2,Image 1,0,CoordX,116,CoordY,80,,
347.888,1,Condition Event,Centre Screen Touches,,9,0,,,,,,,,,,
347.888,16,Variable Event,Centre_Touches_during_ITI,,9,1,Value,7,,,,,,,,
347.888,61,Group Maintain Event,Group Change,,9,1,New Group,9,,,,,,,,
347.968,31,Touch Up Event,Bussey Mouse Operant Mode 3 x 1 x low,,9,4,Position,2,Image 1,0,CoordX,116,CoordY,80,,
348.008,30,Touch Down Event,Bussey Mouse Operant Mode 3 x 1 x low,,9,4,Position,2,Image 1,0,CoordX,134,CoordY,80,,
348.008,1,Condition Event,Centre Screen Touches,,9,0,,,,,,,,,,
348.008,16,Variable Event,Centre_Touches_during_ITI,,9,1,Value,8,,,,,,,,
348.008,61,Group Maintain Event,Group Change,,9,1,New Group,9,,,,,,,,
348.491,31,Touch Up Event,Bussey Mouse Operant Mode 3 x 1 x low,,9,4,Position,2,Image 1,0,CoordX,152,CoordY,80,,
349.041,38,Input Transition On Event,FIRBeam #1,,9,0,,,,,,,,,,
349.291,39,Input Transition Off Event,FIRBeam #1,,9,0,,,,,,,,,,
349.631,38,Input Transition On Event,BIRBeam #1,,9,0,,,,,,,,,,
350.573,39,Input Transition Off Event,BIRBeam #1,,9,0,,,,,,,,,,
351.337,38,Input Transition On Event,FIRBeam #1,,9,0,,,,,,,,,,
353.26,39,Input Transition Off Event,FIRBeam #1,,9,0,,,,,,,,,,
353.708,38,Input Transition On Event,FIRBeam #1,,9,0,,,,,,,,,,
354.997,39,Input Transition Off Event,FIRBeam #1,,9,0,,,,,,,,,,
356.253,1,Condition Event,Next trial,,9,0,,,,,,,,,,
356.253,3,Output On Event,TrayLight #1,,9,0,,,,,,,,,,
356.253,16,Variable Event,First_Trial,,9,1,Value,0,,,,,,,,
356.253,16,Variable Event,First_Analysis,,9,1,Value,1,,,,,,,,
356.253,16,Variable Event,ITI,,9,1,Value,20,,,,,,,,
356.253,21,Group Change Event,Group Change,,9,1,New Group,15,,,,,,,,
356.254,1,Condition Event,Start Correction Trial,,15,0,,,,,,,,,,
356.254,16,Variable Event,Correction_Trial,,15,1,Value,1,,,,,,,,
356.254,21,Group Change Event,Group Change,,15,1,New Group,16,,,,,,,,
356.481,38,Input Transition On Event,FIRBeam #1,,16,0,,,,,,,,,,
356.707,39,Input Transition Off Event,FIRBeam #1,,16,0,,,,,,,,,,
356.853,38,Input Transition On Event,BIRBeam #1,,16,0,,,,,,,,,,
357.34,38,Input Transition On Event,Tray #1,,16,0,,,,,,,,,,
357.34,1,Condition Event,Tray Entry Noted,,16,0,,,,,,,,,,
357.34,4,Output Off Event,TrayLight #1,,16,0,,,,,,,,,,
357.34,4,Output Off Event,Sound #1,,16,0,,,,,,,,,,
357.34,4,Output Off Event,Sound #2,,16,0,,,,,,,,,,
357.34,4,Output Off Event,Sound #3,,16,0,,,,,,,,,,
357.34,7,Pulse Output Event,Sound_On #1,,16,1,Duration,0,,,,,,,,
357.34,21,Group Change Event,Group Change,,16,1,New Group,17,,,,,,,,
357.481,39,Input Transition Off Event,Tray #1,,17,0,,,,,,,,,,
357.481,1,Condition Event,Tray Exit Starts Correction Trial,,17,0,,,,,,,,,,
357.481,16,Variable Event,Total_No_Correction_Trials,,17,1,Value,7,,,,,,,,
357.481,21,Group Change Event,Group Change,,17,1,New Group,6,,,,,,,,
357.481,1,Condition Event,Display Images,,6,0,,,,,,,,,,
357.481,32,Whisker - Display Image,Bussey Mouse Operant Mode 3 x 1 x low,Images,6,2,Position,2,Image 2,1,,,,,,
357.481,32,Whisker - Display Image,Bussey Mouse Operant Mode 3 x 1 x low,Images,6,2,Position,3,Image 1,0,,,,,,
357.481,21,Group Change Event,Group Change,,6,1,New Group,7,,,,,,,,
357.588,39,Input Transition Off Event,BIRBeam #1,,7,0,,,,,,,,,,
357.996,38,Input Transition On Event,FIRBeam #1,,7,0,,,,,,,,,,
358.741,30,Touch Down Event,Bussey Mouse Operant Mode 3 x 1 x low,,7,4,Position,3,Image 1,0,CoordX,61,CoordY,212,,
358.742,1,Condition Event,Incorrect,,7,0,,,,,,,,,,
358.742,32,Whisker - Display Image,Bussey Mouse Operant Mode 3 x 1 x low,Background,7,2,Position,2,Image 1,0,,,,,,
358.742,32,Whisker - Display Image,Bussey Mouse Operant Mode 3 x 1 x low,Background,7,2,Position,3,Image 1,0,,,,,,
358.742,3,Output On Event,Sound #1,,7,0,,,,,,,,,,
358.742,3,Output On Event,Sound #2,,7,0,,,,,,,,,,
358.742,3,Output On Event,Sound #3,,7,0,,,,,,,,,,
358.742,7,Pulse Output Event,Sound_On #1,,7,1,Duration,0,,,,,,,,
358.742,29,Timer Event,Time_Out_Timer,,7,1,Value,0,,,,,,,,
358.742,21,Group Change Event,Group Change,,7,1,New Group,10,,,,,,,,
358.742,1,Condition Event,TO Houselight On,,10,0,,,,,,,,,,
358.742,3,Output On Event,HouseLight #1,,10,0,,,,,,,,,,
358.742,21,Group Change Event,Group Change,,10,1,New Group,11,,,,,,,,
358.742,1,Condition Event,Sequential Correction Trials,,11,0,,,,,,,,,,
358.742,16,Variable Event,Sequential_Correction_Trials,,11,1,Value,7,,,,,,,,
358.742,16,Variable Event,Increment_this_trial,,11,1,Value,0,,,,,,,,
358.742,21,Group Change Event,Group Change,,11,1,New Group,12,,,,,,,,
358.742,1,Condition Event,Incorrect Trails to Correction Trial,,12,0,,,,,,,,,,
358.742,16,Variable Event,Correction_Counter,,12,1,Value,8,,,,,,,,
358.742,21,Group Change Event,Group Change,,12,1,New Group,18,,,,,,,,
358.742,1,Condition Event,Change ITI time,,18,0,,,,,,,,,,
358.742,16,Variable Event,ITI,,18,1,Value,20,,,,,,,,
358.742,21,Group Change Event,Group Change,,18,1,New Group,13,,,,,,,,
358.823,39,Input Transition Off Event,FIRBeam #1,,13,0,,,,,,,,,,
358.838,31,Touch Up Event,Bussey Mouse Operant Mode 3 x 1 x low,,13,4,Position,3,Image 1,0,CoordX,61,CoordY,193,,
359.297,30,Touch Down Event,Bussey Mouse Operant Mode 3 x 1 x low,,13,4,Position,3,Image 1,0,CoordX,199,CoordY,221,,
359.743,31,Touch Up Event,Bussey Mouse Operant Mode 3 x 1 x low,,13,4,Position,3,Image 1,0,CoordX,182,CoordY,184,,
360.243,30,Touch Down Event,Bussey Mouse Operant Mode 3 x 1 x low,,13,4,Position,3,Image 1,0,CoordX,78,CoordY,118,,
361.594,31,Touch Up Event,Bussey Mouse Operant Mode 3 x 1 x low,,13,4,Position,3,Image 1,0,CoordX,43,CoordY,80,,
361.713,30,Touch Down Event,Bussey Mouse Operant Mode 3 x 1 x low,,13,4,Position,3,Image 1,0,CoordX,43,CoordY,61,,
363.742,1,Condition Event,Time Out End,,13,0,,,,,,,,,,
363.742,29,Timer Event,ITI_Timer,,13,1,Value,0,,,,,,,,
363.742,21,Group Change Event,Group Change,,13,1,New Group,14,,,,,,,,
363.742,1,Condition Event,Reset Houselight off,,14,0,,,,,,,,,,
363.742,4,Output Off Event,HouseLight #1,,14,0,,,,,,,,,,
363.742,21,Group Change Event,Group Change,,14,1,New Group,9,,,,,,,,
363.986,31,Touch Up Event,Bussey Mouse Operant Mode 3 x 1 x low,,9,4,Position,0,(NoImageOrVideo),-1,CoordX,574,CoordY,575,,
364.705,30,Touch Down Event,Bussey Mouse Operant Mode 3 x 1 x low,,9,4,Position,3,Image 1,0,CoordX,43,CoordY,135,,
364.706,1,Condition Event,Right Screen Touches,,9,0,,,,,,,,,,
364.706,16,Variable Event,Right_touches_during_ITI,,9,1,Value,5,,,,,,,,
364.706,61,Group Maintain Event,Group Change,,9,1,New Group,9,,,,,,,,
364.764,31,Touch Up Event,Bussey Mouse Operant Mode 3 x 1 x low,,9,4,Position,3,Image 1,0,CoordX,43,CoordY,135,,
366.065,38,Input Transition On Event,FIRBeam #1,,9,0,,,,,,,,,,
366.217,39,Input Transition Off Event,FIRBeam #1,,9,0,,,,,,,,,,
366.701,30,Touch Down Event,Bussey Mouse Operant Mode 3 x 1 x low,,9,4,Position,1,Image 1,0,CoordX,120,CoordY,91,,
366.702,1,Condition Event,Left Screen Touches,,9,0,,,,,,,,,,
366.702,16,Variable Event,Left_Touches_during_ITI,,9,1,Value,16,,,,,,,,
366.702,61,Group Maintain Event,Group Change,,9,1,New Group,9,,,,,,,,
368.993,31,Touch Up Event,Bussey Mouse Operant Mode 3 x 1 x low,,9,4,Position,1,Image 1,0,CoordX,120,CoordY,99,,
369.012,30,Touch Down Event,Bussey Mouse Operant Mode 3 x 1 x low,,9,4,Position,1,Image 1,0,CoordX,187,CoordY,118,,
369.012,1,Condition Event,Left Screen Touches,,9,0,,,,,,,,,,
369.012,16,Variable Event,Left_Touches_during_ITI,,9,1,Value,17,,,,,,,,
369.012,61,Group Maintain Event,Group Change,,9,1,New Group,9,,,,,,,,
369.13,31,Touch Up Event,Bussey Mouse Operant Mode 3 x 1 x low,,9,4,Position,1,Image 1,0,CoordX,173,CoordY,118,,
369.754,38,Input Transition On Event,FIRBeam #1,,9,0,,,,,,,,,,
370.515,39,Input Transition Off Event,FIRBeam #1,,9,0,,,,,,,,,,
370.547,30,Touch Down Event,Bussey Mouse Operant Mode 3 x 1 x low,,9,4,Position,3,Image 1,0,CoordX,28,CoordY,118,,
370.547,1,Condition Event,Right Screen Touches,,9,0,,,,,,,,,,
370.547,16,Variable Event,Right_touches_during_ITI,,9,1,Value,6,,,,,,,,
370.547,61,Group Maintain Event,Group Change,,9,1,New Group,9,,,,,,,,
370.876,31,Touch Up Event,Bussey Mouse Operant Mode 3 x 1 x low,,9,4,Position,3,Image 1,0,CoordX,48,CoordY,135,,
371.035,30,Touch Down Event,Bussey Mouse Operant Mode 3 x 1 x low,,9,4,Position,3,Image 1,0,CoordX,11,CoordY,193,,
371.035,1,Condition Event,Right Screen Touches,,9,0,,,,,,,,,,
371.035,16,Variable Event,Right_touches_during_ITI,,9,1,Value,7,,,,,,,,
371.035,61,Group Maintain Event,Group Change,,9,1,New Group,9,,,,,,,,
371.421,31,Touch Up Event,Bussey Mouse Operant Mode 3 x 1 x low,,9,4,Position,3,Image 1,0,CoordX,17,CoordY,222,,
371.561,30,Touch Down Event,Bussey Mouse Operant Mode 3 x 1 x low,,9,4,Position,3,Image 1,0,CoordX,43,CoordY,154,,
371.561,1,Condition Event,Right Screen Touches,,9,0,,,,,,,,,,
371.561,16,Variable Event,Right_touches_during_ITI,,9,1,Value,8,,,,,,,,
371.561,61,Group Maintain Event,Group Change,,9,1,New Group,9,,,,,,,,
372.104,31,Touch Up Event,Bussey Mouse Operant Mode 3 x 1 x low,,9,4,Position,3,Image 1,0,CoordX,95,CoordY,65,,
372.163,30,Touch Down Event,Bussey Mouse Operant Mode 3 x 1 x low,,9,4,Position,3,Image 1,0,CoordX,78,CoordY,118,,
372.163,1,Condition Event,Right Screen Touches,,9,0,,,,,,,,,,
372.163,16,Variable Event,Right_touches_during_ITI,,9,1,Value,9,,,,,,,,
372.163,61,Group Maintain Event,Group Change,,9,1,New Group,9,,,,,,,,
372.183,31,Touch Up Event,Bussey Mouse Operant Mode 3 x 1 x low,,9,4,Position,3,Image 1,0,CoordX,78,CoordY,118,,
372.243,30,Touch Down Event,Bussey Mouse Operant Mode 3 x 1 x low,,9,4,Position,3,Image 1,0,CoordX,146,CoordY,143,,
372.243,1,Condition Event,Right Screen Touches,,9,0,,,,,,,,,,
372.243,16,Variable Event,Right_touches_during_ITI,,9,1,Value,10,,,,,,,,
372.243,61,Group Maintain Event,Group Change,,9,1,New Group,9,,,,,,,,
373.191,31,Touch Up Event,Bussey Mouse Operant Mode 3 x 1 x low,,9,4,Position,3,Image 1,0,CoordX,174,CoordY,105,,
373.72,30,Touch Down Event,Bussey Mouse Operant Mode 3 x 1 x low,,9,4,Position,3,Image 1,0,CoordX,164,CoordY,145,,
373.72,1,Condition Event,Right Screen Touches,,9,0,,,,,,,,,,
373.72,16,Variable Event,Right_touches_during_ITI,,9,1,Value,11,,,,,,,,
373.72,61,Group Maintain Event,Group Change,,9,1,New Group,9,,,,,,,,
374.412,31,Touch Up Event,Bussey Mouse Operant Mode 3 x 1 x low,,9,4,Position,0,(NoImageOrVideo),-1,CoordX,695,CoordY,575,,
376.64,38,Input Transition On Event,FIRBeam #1,,9,0,,,,,,,,,,
377.05,39,Input Transition Off Event,FIRBeam #1,,9,0,,,,,,,,,,
378.24,30,Touch Down Event,Bussey Mouse Operant Mode 3 x 1 x low,,9,4,Position,3,Image 1,0,CoordX,146,CoordY,91,,
378.241,1,Condition Event,Right Screen Touches,,9,0,,,,,,,,,,
378.241,16,Variable Event,Right_touches_during_ITI,,9,1,Value,12,,,,,,,,
378.241,61,Group Maintain Event,Group Change,,9,1,New Group,9,,,,,,,,
378.977,31,Touch Up Event,Bussey Mouse Operant Mode 3 x 1 x low,,9,4,Position,3,Image 1,0,CoordX,164,CoordY,118,,
379.476,30,Touch Down Event,Bussey Mouse Operant Mode 3 x 1 x low,,9,4,Position,3,Image 1,0,CoordX,199,CoordY,174,,
379.477,1,Condition Event,Right Screen Touches,,9,0,,,,,,,,,,
379.477,16,Variable Event,Right_touches_during_ITI,,9,1,Value,13,,,,,,,,
379.477,61,Group Maintain Event,Group Change,,9,1,New Group,9,,,,,,,,
379.861,31,Touch Up Event,Bussey Mouse Operant Mode 3 x 1 x low,,9,4,Position,3,Image 1,0,CoordX,188,CoordY,173,,
381.166,38,Input Transition On Event,FIRBeam #1,,9,0,,,,,,,,,,
381.419,39,Input Transition Off Event,FIRBeam #1,,9,0,,,,,,,,,,
381.594,38,Input Transition On Event,FIRBeam #1,,9,0,,,,,,,,,,
382.303,39,Input Transition Off Event,FIRBeam #1,,9,0,,,,,,,,,,
383.742,1,Condition Event,Next trial,,9,0,,,,,,,,,,
383.742,3,Output On Event,TrayLight #1,,9,0,,,,,,,,,,
383.742,16,Variable Event,First_Trial,,9,1,Value,0,,,,,,,,
383.742,16,Variable Event,First_Analysis,,9,1,Value,1,,,,,,,,
383.742,16,Variable Event,ITI,,9,1,Value,20,,,,,,,,
383.742,21,Group Change Event,Group Change,,9,1,New Group,15,,,,,,,,
383.742,1,Condition Event,Start Correction Trial,,15,0,,,,,,,,,,
383.742,16,Variable Event,Correction_Trial,,15,1,Value,1,,,,,,,,
383.742,21,Group Change Event,Group Change,,15,1,New Group,16,,,,,,,,
385.589,38,Input Transition On Event,FIRBeam #1,,16,0,,,,,,,,,,
385.819,39,Input Transition Off Event,FIRBeam #1,,16,0,,,,,,,,,,
386.028,38,Input Transition On Event,BIRBeam #1,,16,0,,,,,,,,,,
386.309,38,Input Transition On Event,Tray #1,,16,0,,,,,,,,,,
386.31,1,Condition Event,Tray Entry Noted,,16,0,,,,,,,,,,
386.31,4,Output Off Event,TrayLight #1,,16,0,,,,,,,,,,
386.31,4,Output Off Event,Sound #1,,16,0,,,,,,,,,,
386.31,4,Output Off Event,Sound #2,,16,0,,,,,,,,,,
386.31,4,Output Off Event,Sound #3,,16,0,,,,,,,,,,
386.31,7,Pulse Output Event,Sound_On #1,,16,1,Duration,0,,,,,,,,
386.31,21,Group Change Event,Group Change,,16,1,New Group,17,,,,,,,,
386.404,39,Input Transition Off Event,Tray #1,,17,0,,,,,,,,,,
386.405,1,Condition Event,Tray Exit Starts Correction Trial,,17,0,,,,,,,,,,
386.405,16,Variable Event,Total_No_Correction_Trials,,17,1,Value,8,,,,,,,,
386.405,21,Group Change Event,Group Change,,17,1,New Group,6,,,,,,,,
386.405,1,Condition Event,Display Images,,6,0,,,,,,,,,,
386.405,32,Whisker - Display Image,Bussey Mouse Operant Mode 3 x 1 x low,Images,6,2,Position,2,Image 2,1,,,,,,
386.405,32,Whisker - Display Image,Bussey Mouse Operant Mode 3 x 1 x low,Images,6,2,Position,3,Image 1,0,,,,,,
386.405,21,Group Change Event,Group Change,,6,1,New Group,7,,,,,,,,
386.714,39,Input Transition Off Event,BIRBeam #1,,7,0,,,,,,,,,,
387.119,38,Input Transition On Event,FIRBeam #1,,7,0,,,,,,,,,,
387.886,39,Input Transition Off Event,FIRBeam #1,,7,0,,,,,,,,,,
388.25,38,Input Transition On Event,FIRBeam #1,,7,0,,,,,,,,,,
389.08,39,Input Transition Off Event,FIRBeam #1,,7,0,,,,,,,,,,
390.004,38,Input Transition On Event,FIRBeam #1,,7,0,,,,,,,,,,
390.352,39,Input Transition Off Event,FIRBeam #1,,7,0,,,,,,,,,,
390.462,30,Touch Down Event,Bussey Mouse Operant Mode 3 x 1 x low,,7,4,Position,2,Image 2,1,CoordX,202,CoordY,203,,
390.462,1,Condition Event,Correct,,7,0,,,,,,,,,,
390.462,32,Whisker - Display Image,Bussey Mouse Operant Mode 3 x 1 x low,Background,7,2,Position,2,Image 1,0,,,,,,
390.462,32,Whisker - Display Image,Bussey Mouse Operant Mode 3 x 1 x low,Background,7,2,Position,3,Image 1,0,,,,,,
390.462,7,Pulse Output Event,Feeder #1,,7,1,Duration,0.28,,,,,,,,
390.462,3,Output On Event,TrayLight #1,,7,0,,,,,,,,,,
390.462,16,Variable Event,Correction_Counter,,7,1,Value,0,,,,,,,,
390.462,21,Group Change Event,Group Change,,7,1,New Group,19,,,,,,,,
390.462,1,Condition Event,Reset Sound Levels to Zero,,19,0,,,,,,,,,,
390.462,4,Output Off Event,Sound #1,,19,0,,,,,,,,,,
390.462,4,Output Off Event,Sound #2,,19,0,,,,,,,,,,
390.462,4,Output Off Event,Sound #3,,19,0,,,,,,,,,,
390.462,21,Group Change Event,Group Change,,19,1,New Group,20,,,,,,,,
390.462,1,Condition Event,Adjust Sound Level 2,,20,0,,,,,,,,,,
390.462,3,Output On Event,Sound #2,,20,0,,,,,,,,,,
390.462,1,Condition Event,NoTone Fall Through,,20,0,,,,,,,,,,
390.462,21,Group Change Event,Group Change,,20,1,New Group,21,,,,,,,,
390.462,1,Condition Event,Play Tone,,21,0,,,,,,,,,,
390.462,7,Pulse Output Event,Sound_On #1,,21,1,Duration,1,,,,,,,,
390.462,21,Group Change Event,Group Change,,21,1,New Group,8,,,,,,,,
390.462,1,Condition Event,Reset Correction Flag,,8,0,,,,,,,,,,
390.462,16,Variable Event,Sequential_Correction_Trials,,8,1,Value,0,,,,,,,,
390.462,16,Variable Event,Correction_Trial_Correct_Counter,,8,1,Value,1,,,,,,,,
390.462,16,Variable Event,First_Analysis,,8,1,Value,0,,,,,,,,
390.462,61,Group Maintain Event,Group Change,,8,1,New Group,8,,,,,,,,
390.79,31,Touch Up Event,Bussey Mouse Operant Mode 3 x 1 x low,,8,4,Position,2,Image 1,0,CoordX,134,CoordY,193,,
391.044,38,Input Transition On Event,FIRBeam #1,,8,0,,,,,,,,,,
391.277,39,Input Transition Off Event,FIRBeam #1,,8,0,,,,,,,,,,
391.405,38,Input Transition On Event,BIRBeam #1,,8,0,,,,,,,,,,
391.653,38,Input Transition On Event,Tray #1,,8,0,,,,,,,,,,
391.653,1,Condition Event,Reward Collected Start ITI,,8,0,,,,,,,,,,
391.653,4,Output Off Event,TrayLight #1,,8,0,,,,,,,,,,
391.653,29,Timer Event,ITI_Timer,,8,1,Value,0,,,,,,,,
391.653,21,Group Change Event,Group Change,,8,1,New Group,9,,,,,,,,
396.043,39,Input Transition Off Event,Tray #1,,9,0,,,,,,,,,,
396.979,39,Input Transition Off Event,BIRBeam #1,,9,0,,,,,,,,,,
398.226,38,Input Transition On Event,FIRBeam #1,,9,0,,,,,,,,,,
402.359,39,Input Transition Off Event,FIRBeam #1,,9,0,,,,,,,,,,
403.625,38,Input Transition On Event,FIRBeam #1,,9,0,,,,,,,,,,
404.242,39,Input Transition Off Event,FIRBeam #1,,9,0,,,,,,,,,,
404.302,38,Input Transition On Event,FIRBeam #1,,9,0,,,,,,,,,,
404.492,39,Input Transition Off Event,FIRBeam #1,,9,0,,,,,,,,,,
408.046,30,Touch Down Event,Bussey Mouse Operant Mode 3 x 1 x low,,9,4,Position,0,(NoImageOrVideo),-1,CoordX,421,CoordY,555,,
408.225,31,Touch Up Event,Bussey Mouse Operant Mode 3 x 1 x low,,9,4,Position,0,(NoImageOrVideo),-1,CoordX,421,CoordY,555,,
408.264,30,Touch Down Event,Bussey Mouse Operant Mode 3 x 1 x low,,9,4,Position,2,Image 1,0,CoordX,134,CoordY,212,,
408.265,1,Condition Event,Centre Screen Touches,,9,0,,,,,,,,,,
408.265,16,Variable Event,Centre_Touches_during_ITI,,9,1,Value,9,,,,,,,,
408.265,61,Group Maintain Event,Group Change,,9,1,New Group,9,,,,,,,,
408.303,31,Touch Up Event,Bussey Mouse Operant Mode 3 x 1 x low,,9,4,Position,2,Image 1,0,CoordX,134,CoordY,212,,
408.422,30,Touch Down Event,Bussey Mouse Operant Mode 3 x 1 x low,,9,4,Position,2,Image 1,0,CoordX,134,CoordY,212,,
408.423,1,Condition Event,Centre Screen Touches,,9,0,,,,,,,,,,
408.423,16,Variable Event,Centre_Touches_during_ITI,,9,1,Value,10,,,,,,,,
408.423,61,Group Maintain Event,Group Change,,9,1,New Group,9,,,,,,,,
408.541,31,Touch Up Event,Bussey Mouse Operant Mode 3 x 1 x low,,9,4,Position,2,Image 1,0,CoordX,134,CoordY,212,,
409.24,30,Touch Down Event,Bussey Mouse Operant Mode 3 x 1 x low,,9,4,Position,2,Image 1,0,CoordX,134,CoordY,212,,
409.241,1,Condition Event,Centre Screen Touches,,9,0,,,,,,,,,,
409.241,16,Variable Event,Centre_Touches_during_ITI,,9,1,Value,11,,,,,,,,
409.241,61,Group Maintain Event,Group Change,,9,1,New Group,9,,,,,,,,
409.417,31,Touch Up Event,Bussey Mouse Operant Mode 3 x 1 x low,,9,4,Position,2,Image 1,0,CoordX,134,CoordY,212,,
409.475,30,Touch Down Event,Bussey Mouse Operant Mode 3 x 1 x low,,9,4,Position,2,Image 1,0,CoordX,116,CoordY,193,,
409.476,1,Condition Event,Centre Screen Touches,,9,0,,,,,,,,,,
409.476,16,Variable Event,Centre_Touches_during_ITI,,9,1,Value,12,,,,,,,,
409.476,61,Group Maintain Event,Group Change,,9,1,New Group,9,,,,,,,,
411.653,1,Condition Event,Next trial,,9,0,,,,,,,,,,
411.653,3,Output On Event,TrayLight #1,,9,0,,,,,,,,,,
411.653,16,Variable Event,First_Trial,,9,1,Value,0,,,,,,,,
411.653,16,Variable Event,First_Analysis,,9,1,Value,1,,,,,,,,
411.653,16,Variable Event,ITI,,9,1,Value,20,,,,,,,,
411.653,21,Group Change Event,Group Change,,9,1,New Group,15,,,,,,,,
411.653,1,Condition Event,Next trial non corrected Trial,,15,0,,,,,,,,,,
411.653,19,List Change - Next Value,Trial_Type,,15,2,Index,3,Value,1,,,,,,
411.653,21,Group Change Event,Group Change,,15,1,New Group,3,,,,,,,,
413.532,31,Touch Up Event,Bussey Mouse Operant Mode 3 x 1 x low,,3,4,Position,2,Image 1,0,CoordX,116,CoordY,174,,
413.632,30,Touch Down Event,Bussey Mouse Operant Mode 3 x 1 x low,,3,4,Position,2,Image 1,0,CoordX,141,CoordY,193,,
416.082,38,Input Transition On Event,FIRBeam #1,,3,0,,,,,,,,,,
416.12,31,Touch Up Event,Bussey Mouse Operant Mode 3 x 1 x low,,3,4,Position,0,(NoImageOrVideo),-1,CoordX,397,CoordY,575,,
416.18,30,Touch Down Event,Bussey Mouse Operant Mode 3 x 1 x low,,3,4,Position,0,(NoImageOrVideo),-1,CoordX,318,CoordY,555,,
416.199,31,Touch Up Event,Bussey Mouse Operant Mode 3 x 1 x low,,3,4,Position,0,(NoImageOrVideo),-1,CoordX,318,CoordY,555,,
416.378,39,Input Transition Off Event,FIRBeam #1,,3,0,,,,,,,,,,
416.521,38,Input Transition On Event,BIRBeam #1,,3,0,,,,,,,,,,
417.393,39,Input Transition Off Event,BIRBeam #1,,3,0,,,,,,,,,,
418.034,38,Input Transition On Event,FIRBeam #1,,3,0,,,,,,,,,,
419.087,39,Input Transition Off Event,FIRBeam #1,,3,0,,,,,,,,,,
420.763,38,Input Transition On Event,FIRBeam #1,,3,0,,,,,,,,,,
421.842,39,Input Transition Off Event,FIRBeam #1,,3,0,,,,,,,,,,
424.629,38,Input Transition On Event,FIRBeam #1,,3,0,,,,,,,,,,
425.002,39,Input Transition Off Event,FIRBeam #1,,3,0,,,,,,,,,,
425.125,38,Input Transition On Event,BIRBeam #1,,3,0,,,,,,,,,,
426.99,39,Input Transition Off Event,BIRBeam #1,,3,0,,,,,,,,,,
428.621,38,Input Transition On Event,BIRBeam #1,,3,0,,,,,,,,,,
429.637,39,Input Transition Off Event,BIRBeam #1,,3,0,,,,,,,,,,
429.936,38,Input Transition On Event,FIRBeam #1,,3,0,,,,,,,,,,
431.902,39,Input Transition Off Event,FIRBeam #1,,3,0,,,,,,,,,,
432.188,38,Input Transition On Event,BIRBeam #1,,3,0,,,,,,,,,,
432.489,38,Input Transition On Event,Tray #1,,3,0,,,,,,,,,,
432.49,1,Condition Event,Tray Entry no Increment Trial,,3,0,,,,,,,,,,
432.49,4,Output Off Event,TrayLight #1,,3,0,,,,,,,,,,
432.49,4,Output Off Event,Sound #1,,3,0,,,,,,,,,,
432.49,4,Output Off Event,Sound #2,,3,0,,,,,,,,,,
432.49,4,Output Off Event,Sound #3,,3,0,,,,,,,,,,
432.49,7,Pulse Output Event,Sound_On #1,,3,1,Duration,0,,,,,,,,
432.49,16,Variable Event,Correction_Trial,,3,1,Value,0,,,,,,,,
432.49,21,Group Change Event,Group Change,,3,1,New Group,4,,,,,,,,
432.87,39,Input Transition Off Event,Tray #1,,4,0,,,,,,,,,,
432.871,1,Condition Event,Start Trial,,4,0,,,,,,,,,,
432.871,16,Variable Event,Trial,,4,1,Value,1,,,,,,,,
432.871,21,Group Change Event,Group Change,,4,1,New Group,5,,,,,,,,
432.871,1,Condition Event,Set for Trial 1,,5,0,,,,,,,,,,
432.871,16,Variable Event,Correct_Grid_Position,,5,1,Value,1,,,,,,,,
432.871,16,Variable Event,Correct_Image,,5,1,Value,1,,,,,,,,
432.871,16,Variable Event,Incorrect_Grid_Position,,5,1,Value,2,,,,,,,,
432.871,16,Variable Event,Incorrect_Image,,5,1,Value,3,,,,,,,,
432.871,21,Group Change Event,Group Change,,5,1,New Group,6,,,,,,,,
432.871,1,Condition Event,Display Images,,6,0,,,,,,,,,,
432.871,32,Whisker - Display Image,Bussey Mouse Operant Mode 3 x 1 x low,Images,6,2,Position,1,Image 1,0,,,,,,
432.871,32,Whisker - Display Image,Bussey Mouse Operant Mode 3 x 1 x low,Images,6,2,Position,2,Image 3,2,,,,,,
432.871,21,Group Change Event,Group Change,,6,1,New Group,7,,,,,,,,
435.122,39,Input Transition Off Event,BIRBeam #1,,7,0,,,,,,,,,,
435.358,38,Input Transition On Event,FIRBeam #1,,7,0,,,,,,,,,,
435.873,30,Touch Down Event,Bussey Mouse Operant Mode 3 x 1 x low,,7,4,Position,2,Image 3,2,CoordX,49,CoordY,212,,
435.875,1,Condition Event,Incorrect,,7,0,,,,,,,,,,
435.875,32,Whisker - Display Image,Bussey Mouse Operant Mode 3 x 1 x low,Background,7,2,Position,1,Image 1,0,,,,,,
435.875,32,Whisker - Display Image,Bussey Mouse Operant Mode 3 x 1 x low,Background,7,2,Position,2,Image 1,0,,,,,,
435.875,3,Output On Event,Sound #1,,7,0,,,,,,,,,,
435.875,3,Output On Event,Sound #2,,7,0,,,,,,,,,,
435.875,3,Output On Event,Sound #3,,7,0,,,,,,,,,,
435.875,7,Pulse Output Event,Sound_On #1,,7,1,Duration,0,,,,,,,,
435.875,29,Timer Event,Time_Out_Timer,,7,1,Value,0,,,,,,,,
435.875,21,Group Change Event,Group Change,,7,1,New Group,10,,,,,,,,
435.875,1,Condition Event,TO Houselight On,,10,0,,,,,,,,,,
435.875,3,Output On Event,HouseLight #1,,10,0,,,,,,,,,,
435.875,21,Group Change Event,Group Change,,10,1,New Group,11,,,,,,,,
435.875,1,Condition Event,Not correcting,,11,0,,,,,,,,,,
435.875,16,Variable Event,Increment_this_trial,,11,1,Value,1,,,,,,,,
435.875,21,Group Change Event,Group Change,,11,1,New Group,12,,,,,,,,
435.875,1,Condition Event,Incorrect Trails to Correction Trial,,12,0,,,,,,,,,,
435.875,16,Variable Event,Correction_Counter,,12,1,Value,1,,,,,,,,
435.875,21,Group Change Event,Group Change,,12,1,New Group,18,,,,,,,,
435.875,1,Condition Event,Change ITI time,,18,0,,,,,,,,,,
435.875,16,Variable Event,ITI,,18,1,Value,20,,,,,,,,
435.875,21,Group Change Event,Group Change,,18,1,New Group,13,,,,,,,,
435.9,39,Input Transition Off Event,FIRBeam #1,,13,0,,,,,,,,,,
435.953,31,Touch Up Event,Bussey Mouse Operant Mode 3 x 1 x low,,13,4,Position,2,Image 1,0,CoordX,49,CoordY,212,,
435.995,38,Input Transition On Event,FIRBeam #1,,13,0,,,,,,,,,,
436.282,39,Input Transition Off Event,FIRBeam #1,,13,0,,,,,,,,,,
437.658,38,Input Transition On Event,FIRBeam #1,,13,0,,,,,,,,,,
438.177,39,Input Transition Off Event,FIRBeam #1,,13,0,,,,,,,,,,
440.875,1,Condition Event,Time Out End,,13,0,,,,,,,,,,
440.875,29,Timer Event,ITI_Timer,,13,1,Value,0,,,,,,,,
440.875,21,Group Change Event,Group Change,,13,1,New Group,14,,,,,,,,
440.875,1,Condition Event,Reset Houselight off,,14,0,,,,,,,,,,
440.875,4,Output Off Event,HouseLight #1,,14,0,,,,,,,,,,
440.875,21,Group Change Event,Group Change,,14,1,New Group,9,,,,,,,,
441.974,38,Input Transition On Event,FIRBeam #1,,9,0,,,,,,,,,,
442.324,39,Input Transition Off Event,FIRBeam #1,,9,0,,,,,,,,,,
442.49,38,Input Transition On Event,BIRBeam #1,,9,0,,,,,,,,,,
443.027,39,Input Transition Off Event,BIRBeam #1,,9,0,,,,,,,,,,
445.714,38,Input Transition On Event,FIRBeam #1,,9,0,,,,,,,,,,
446.041,39,Input Transition Off Event,FIRBeam #1,,9,0,,,,,,,,,,
446.793,38,Input Transition On Event,FIRBeam #1,,9,0,,,,,,,,,,
447.752,39,Input Transition Off Event,FIRBeam #1,,9,0,,,,,,,,,,
450.337,30,Touch Down Event,Bussey Mouse Operant Mode 3 x 1 x low,,9,4,Position,1,Image 1,0,CoordX,71,CoordY,61,,
450.338,1,Condition Event,Left Screen Touches,,9,0,,,,,,,,,,
450.338,16,Variable Event,Left_Touches_during_ITI,,9,1,Value,18,,,,,,,,
450.338,61,Group Maintain Event,Group Change,,9,1,New Group,9,,,,,,,,
450.703,31,Touch Up Event,Bussey Mouse Operant Mode 3 x 1 x low,,9,4,Position,1,Image 1,0,CoordX,138,CoordY,105,,
450.722,30,Touch Down Event,Bussey Mouse Operant Mode 3 x 1 x low,,9,4,Position,1,Image 1,0,CoordX,85,CoordY,135,,
450.722,1,Condition Event,Left Screen Touches,,9,0,,,,,,,,,,
450.722,16,Variable Event,Left_Touches_during_ITI,,9,1,Value,19,,,,,,,,
450.722,61,Group Maintain Event,Group Change,,9,1,New Group,9,,,,,,,,
450.88,31,Touch Up Event,Bussey Mouse Operant Mode 3 x 1 x low,,9,4,Position,1,Image 1,0,CoordX,85,CoordY,154,,
451.228,38,Input Transition On Event,FIRBeam #1,,9,0,,,,,,,,,,
451.494,39,Input Transition Off Event,FIRBeam #1,,9,0,,,,,,,,,,
451.678,38,Input Transition On Event,FIRBeam #1,,9,0,,,,,,,,,,
452.373,39,Input Transition Off Event,FIRBeam #1,,9,0,,,,,,,,,,
453.561,30,Touch Down Event,Bussey Mouse Operant Mode 3 x 1 x low,,9,4,Position,1,Image 1,0,CoordX,53,CoordY,104,,
453.562,1,Condition Event,Left Screen Touches,,9,0,,,,,,,,,,
453.562,16,Variable Event,Left_Touches_during_ITI,,9,1,Value,20,,,,,,,,
453.562,61,Group Maintain Event,Group Change,,9,1,New Group,9,,,,,,,,
453.871,31,Touch Up Event,Bussey Mouse Operant Mode 3 x 1 x low,,9,4,Position,1,Image 1,0,CoordX,53,CoordY,89,,
453.93,30,Touch Down Event,Bussey Mouse Operant Mode 3 x 1 x low,,9,4,Position,0,(NoImageOrVideo),-1,CoordX,96,CoordY,552,,
455.232,31,Touch Up Event,Bussey Mouse Operant Mode 3 x 1 x low,,9,4,Position,1,Image 1,0,CoordX,97,CoordY,221,,
455.415,38,Input Transition On Event,FIRBeam #1,,9,0,,,,,,,,,,
456.029,39,Input Transition Off Event,FIRBeam #1,,9,0,,,,,,,,,,
457.329,38,Input Transition On Event,FIRBeam #1,,9,0,,,,,,,,,,
457.493,39,Input Transition Off Event,FIRBeam #1,,9,0,,,,,,,,,,
459.693,30,Touch Down Event,Bussey Mouse Operant Mode 3 x 1 x low,,9,4,Position,1,Image 1,0,CoordX,36,CoordY,56,,
459.694,1,Condition Event,Left Screen Touches,,9,0,,,,,,,,,,
459.694,16,Variable Event,Left_Touches_during_ITI,,9,1,Value,21,,,,,,,,
459.694,61,Group Maintain Event,Group Change,,9,1,New Group,9,,,,,,,,
460.875,1,Condition Event,Next trial,,9,0,,,,,,,,,,
460.875,3,Output On Event,TrayLight #1,,9,0,,,,,,,,,,
460.875,16,Variable Event,First_Trial,,9,1,Value,0,,,,,,,,
460.875,16,Variable Event,First_Analysis,,9,1,Value,1,,,,,,,,
460.875,16,Variable Event,ITI,,9,1,Value,20,,,,,,,,
460.875,21,Group Change Event,Group Change,,9,1,New Group,15,,,,,,,,
460.875,1,Condition Event,Start Correction Trial,,15,0,,,,,,,,,,
460.875,16,Variable Event,Correction_Trial,,15,1,Value,1,,,,,,,,
460.875,21,Group Change Event,Group Change,,15,1,New Group,16,,,,,,,,
461.734,31,Touch Up Event,Bussey Mouse Operant Mode 3 x 1 x low,,16,4,Position,1,Image 1,0,CoordX,48,CoordY,217,,
462.086,38,Input Transition On Event,FIRBeam #1,,16,0,,,,,,,,,,
462.342,39,Input Transition Off Event,FIRBeam #1,,16,0,,,,,,,,,,
462.482,38,Input Transition On Event,BIRBeam #1,,16,0,,,,,,,,,,
462.744,38,Input Transition On Event,Tray #1,,16,0,,,,,,,,,,
462.744,1,Condition Event,Tray Entry Noted Trial Increment,,16,0,,,,,,,,,,
462.744,4,Output Off Event,TrayLight #1,,16,0,,,,,,,,,,
462.744,4,Output Off Event,Sound #1,,16,0,,,,,,,,,,
462.744,4,Output Off Event,Sound #2,,16,0,,,,,,,,,,
462.744,4,Output Off Event,Sound #3,,16,0,,,,,,,,,,
462.744,7,Pulse Output Event,Sound_On #1,,16,1,Duration,0,,,,,,,,
462.744,16,Variable Event,_Trial_Counter,,16,1,Value,7,,,,,,,,
462.744,16,Variable Event,Correct_Percent,,16,1,Value,5,,,,,,,,
462.744,16,Variable Event,Correct_Percent,,16,1,Value,0.714,,,,,,,,
462.744,16,Variable Event,Correct_Percent,,16,1,Value,71.429,,,,,,,,
462.744,21,Group Change Event,Group Change,,16,1,New Group,17,,,,,,,,
462.886,39,Input Transition Off Event,Tray #1,,17,0,,,,,,,,,,
462.886,1,Condition Event,Tray Exit Starts Correction Trial,,17,0,,,,,,,,,,
462.886,16,Variable Event,Total_No_Correction_Trials,,17,1,Value,9,,,,,,,,
462.886,21,Group Change Event,Group Change,,17,1,New Group,6,,,,,,,,
462.886,1,Condition Event,Display Images,,6,0,,,,,,,,,,
462.886,32,Whisker - Display Image,Bussey Mouse Operant Mode 3 x 1 x low,Images,6,2,Position,1,Image 1,0,,,,,,
462.886,32,Whisker - Display Image,Bussey Mouse Operant Mode 3 x 1 x low,Images,6,2,Position,2,Image 3,2,,,,,,
462.886,21,Group Change Event,Group Change,,6,1,New Group,7,,,,,,,,
463.133,39,Input Transition Off Event,BIRBeam #1,,7,0,,,,,,,,,,
463.49,38,Input Transition On Event,FIRBeam #1,,7,0,,,,,,,,,,
464.25,39,Input Transition Off Event,FIRBeam #1,,7,0,,,,,,,,,,
465.032,30,Touch Down Event,Bussey Mouse Operant Mode 3 x 1 x low,,7,4,Position,1,Image 1,0,CoordX,155,CoordY,212,,
465.032,1,Condition Event,Correct,,7,0,,,,,,,,,,
465.032,32,Whisker - Display Image,Bussey Mouse Operant Mode 3 x 1 x low,Background,7,2,Position,1,Image 1,0,,,,,,
465.032,32,Whisker - Display Image,Bussey Mouse Operant Mode 3 x 1 x low,Background,7,2,Position,2,Image 1,0,,,,,,
465.032,7,Pulse Output Event,Feeder #1,,7,1,Duration,0.28,,,,,,,,
465.032,3,Output On Event,TrayLight #1,,7,0,,,,,,,,,,
465.032,16,Variable Event,Correction_Counter,,7,1,Value,0,,,,,,,,
465.032,21,Group Change Event,Group Change,,7,1,New Group,19,,,,,,,,
465.032,1,Condition Event,Reset Sound Levels to Zero,,19,0,,,,,,,,,,
465.032,4,Output Off Event,Sound #1,,19,0,,,,,,,,,,
465.032,4,Output Off Event,Sound #2,,19,0,,,,,,,,,,
465.032,4,Output Off Event,Sound #3,,19,0,,,,,,,,,,
465.032,21,Group Change Event,Group Change,,19,1,New Group,20,,,,,,,,
465.032,1,Condition Event,Adjust Sound Level 2,,20,0,,,,,,,,,,
465.032,3,Output On Event,Sound #2,,20,0,,,,,,,,,,
465.032,1,Condition Event,NoTone Fall Through,,20,0,,,,,,,,,,
465.032,21,Group Change Event,Group Change,,20,1,New Group,21,,,,,,,,
465.032,1,Condition Event,Play Tone,,21,0,,,,,,,,,,
465.032,7,Pulse Output Event,Sound_On #1,,21,1,Duration,1,,,,,,,,
465.032,21,Group Change Event,Group Change,,21,1,New Group,8,,,,,,,,
465.032,1,Condition Event,Reset Correction Flag,,8,0,,,,,,,,,,
465.032,16,Variable Event,Sequential_Correction_Trials,,8,1,Value,0,,,,,,,,
465.032,16,Variable Event,Correction_Trial_Correct_Counter,,8,1,Value,2,,,,,,,,
465.032,16,Variable Event,First_Analysis,,8,1,Value,0,,,,,,,,
465.032,61,Group Maintain Event,Group Change,,8,1,New Group,8,,,,,,,,
465.167,31,Touch Up Event,Bussey Mouse Operant Mode 3 x 1 x low,,8,4,Position,0,(NoImageOrVideo),-1,CoordX,167,CoordY,555,,
465.424,38,Input Transition On Event,FIRBeam #1,,8,0,,,,,,,,,,
465.702,39,Input Transition Off Event,FIRBeam #1,,8,0,,,,,,,,,,
465.885,38,Input Transition On Event,BIRBeam #1,,8,0,,,,,,,,,,
466.146,38,Input Transition On Event,Tray #1,,8,0,,,,,,,,,,
466.146,1,Condition Event,Reward Collected Start ITI,,8,0,,,,,,,,,,
466.146,4,Output Off Event,TrayLight #1,,8,0,,,,,,,,,,
466.146,29,Timer Event,ITI_Timer,,8,1,Value,0,,,,,,,,
466.146,21,Group Change Event,Group Change,,8,1,New Group,9,,,,,,,,
469.66,39,Input Transition Off Event,Tray #1,,9,0,,,,,,,,,,
471.322,39,Input Transition Off Event,BIRBeam #1,,9,0,,,,,,,,,,
472.146,38,Input Transition On Event,FIRBeam #1,,9,0,,,,,,,,,,
473.449,39,Input Transition Off Event,FIRBeam #1,,9,0,,,,,,,,,,
474.379,30,Touch Down Event,Bussey Mouse Operant Mode 3 x 1 x low,,9,4,Position,2,Image 1,0,CoordX,49,CoordY,80,,
474.38,1,Condition Event,Centre Screen Touches,,9,0,,,,,,,,,,
474.38,16,Variable Event,Centre_Touches_during_ITI,,9,1,Value,13,,,,,,,,
474.38,61,Group Maintain Event,Group Change,,9,1,New Group,9,,,,,,,,
474.476,31,Touch Up Event,Bussey Mouse Operant Mode 3 x 1 x low,,9,4,Position,2,Image 1,0,CoordX,49,CoordY,80,,
474.855,30,Touch Down Event,Bussey Mouse Operant Mode 3 x 1 x low,,9,4,Position,0,(NoImageOrVideo),-1,CoordX,181,CoordY,555,,
475.067,31,Touch Up Event,Bussey Mouse Operant Mode 3 x 1 x low,,9,4,Position,1,Image 1,0,CoordX,103,CoordY,174,,
475.183,30,Touch Down Event,Bussey Mouse Operant Mode 3 x 1 x low,,9,4,Position,1,Image 1,0,CoordX,155,CoordY,193,,
475.184,1,Condition Event,Left Screen Touches,,9,0,,,,,,,,,,
475.184,16,Variable Event,Left_Touches_during_ITI,,9,1,Value,22,,,,,,,,
475.184,61,Group Maintain Event,Group Change,,9,1,New Group,9,,,,,,,,
475.26,31,Touch Up Event,Bussey Mouse Operant Mode 3 x 1 x low,,9,4,Position,1,Image 1,0,CoordX,155,CoordY,193,,
475.298,30,Touch Down Event,Bussey Mouse Operant Mode 3 x 1 x low,,9,4,Position,1,Image 1,0,CoordX,173,CoordY,212,,
475.299,1,Condition Event,Left Screen Touches,,9,0,,,,,,,,,,
475.299,16,Variable Event,Left_Touches_during_ITI,,9,1,Value,23,,,,,,,,
475.299,61,Group Maintain Event,Group Change,,9,1,New Group,9,,,,,,,,
475.356,31,Touch Up Event,Bussey Mouse Operant Mode 3 x 1 x low,,9,4,Position,0,(NoImageOrVideo),-1,CoordX,216,CoordY,555,,
475.414,30,Touch Down Event,Bussey Mouse Operant Mode 3 x 1 x low,,9,4,Position,0,(NoImageOrVideo),-1,CoordX,230,CoordY,552,,
475.569,31,Touch Up Event,Bussey Mouse Operant Mode 3 x 1 x low,,9,4,Position,0,(NoImageOrVideo),-1,CoordX,248,CoordY,555,,
476.798,38,Input Transition On Event,FIRBeam #1,,9,0,,,,,,,,,,
477.02,39,Input Transition Off Event,FIRBeam #1,,9,0,,,,,,,,,,
478.124,38,Input Transition On Event,FIRBeam #1,,9,0,,,,,,,,,,
479.39,39,Input Transition Off Event,FIRBeam #1,,9,0,,,,,,,,,,
483.56,38,Input Transition On Event,FIRBeam #1,,9,0,,,,,,,,,,
486.146,1,Condition Event,Next trial,,9,0,,,,,,,,,,
486.146,3,Output On Event,TrayLight #1,,9,0,,,,,,,,,,
486.146,16,Variable Event,First_Trial,,9,1,Value,0,,,,,,,,
486.146,16,Variable Event,First_Analysis,,9,1,Value,1,,,,,,,,
486.146,16,Variable Event,ITI,,9,1,Value,20,,,,,,,,
486.146,21,Group Change Event,Group Change,,9,1,New Group,15,,,,,,,,
486.146,1,Condition Event,Next trial non corrected Trial,,15,0,,,,,,,,,,
486.146,19,List Change - Next Value,Trial_Type,,15,2,Index,12,Value,2,,,,,,
486.146,21,Group Change Event,Group Change,,15,1,New Group,3,,,,,,,,
487.155,39,Input Transition Off Event,FIRBeam #1,,3,0,,,,,,,,,,
487.274,38,Input Transition On Event,BIRBeam #1,,3,0,,,,,,,,,,
488.276,39,Input Transition Off Event,BIRBeam #1,,3,0,,,,,,,,,,
488.724,38,Input Transition On Event,FIRBeam #1,,3,0,,,,,,,,,,
489.683,39,Input Transition Off Event,FIRBeam #1,,3,0,,,,,,,,,,
489.84,38,Input Transition On Event,BIRBeam #1,,3,0,,,,,,,,,,
490.228,38,Input Transition On Event,Tray #1,,3,0,,,,,,,,,,
490.228,1,Condition Event,Tray Entry no Increment Trial,,3,0,,,,,,,,,,
490.228,4,Output Off Event,TrayLight #1,,3,0,,,,,,,,,,
490.228,4,Output Off Event,Sound #1,,3,0,,,,,,,,,,
490.228,4,Output Off Event,Sound #2,,3,0,,,,,,,,,,
490.228,4,Output Off Event,Sound #3,,3,0,,,,,,,,,,
490.228,7,Pulse Output Event,Sound_On #1,,3,1,Duration,0,,,,,,,,
490.228,16,Variable Event,Correction_Trial,,3,1,Value,0,,,,,,,,
490.228,21,Group Change Event,Group Change,,3,1,New Group,4,,,,,,,,
490.311,39,Input Transition Off Event,Tray #1,,4,0,,,,,,,,,,
490.311,1,Condition Event,Start Trial,,4,0,,,,,,,,,,
490.311,16,Variable Event,Trial,,4,1,Value,2,,,,,,,,
490.311,21,Group Change Event,Group Change,,4,1,New Group,5,,,,,,,,
490.311,1,Condition Event,Set for Trial 2,,5,0,,,,,,,,,,
490.311,16,Variable Event,Correct_Grid_Position,,5,1,Value,1,,,,,,,,
490.311,16,Variable Event,Correct_Image,,5,1,Value,1,,,,,,,,
490.311,16,Variable Event,Incorrect_Grid_Position,,5,1,Value,3,,,,,,,,
490.311,16,Variable Event,Incorrect_Image,,5,1,Value,2,,,,,,,,
490.311,21,Group Change Event,Group Change,,5,1,New Group,6,,,,,,,,
490.311,1,Condition Event,Display Images,,6,0,,,,,,,,,,
490.311,32,Whisker - Display Image,Bussey Mouse Operant Mode 3 x 1 x low,Images,6,2,Position,1,Image 1,0,,,,,,
490.311,32,Whisker - Display Image,Bussey Mouse Operant Mode 3 x 1 x low,Images,6,2,Position,3,Image 2,1,,,,,,
490.311,21,Group Change Event,Group Change,,6,1,New Group,7,,,,,,,,
490.454,39,Input Transition Off Event,BIRBeam #1,,7,0,,,,,,,,,,
491.325,38,Input Transition On Event,FIRBeam #1,,7,0,,,,,,,,,,
492.226,39,Input Transition Off Event,FIRBeam #1,,7,0,,,,,,,,,,
492.605,38,Input Transition On Event,FIRBeam #1,,7,0,,,,,,,,,,
492.855,39,Input Transition Off Event,FIRBeam #1,,7,0,,,,,,,,,,
493.206,30,Touch Down Event,Bussey Mouse Operant Mode 3 x 1 x low,,7,4,Position,1,Image 1,0,CoordX,71,CoordY,174,,
493.206,1,Condition Event,Correct,,7,0,,,,,,,,,,
493.206,32,Whisker - Display Image,Bussey Mouse Operant Mode 3 x 1 x low,Background,7,2,Position,1,Image 1,0,,,,,,
493.206,32,Whisker - Display Image,Bussey Mouse Operant Mode 3 x 1 x low,Background,7,2,Position,3,Image 1,0,,,,,,
493.206,7,Pulse Output Event,Feeder #1,,7,1,Duration,0.28,,,,,,,,
493.206,3,Output On Event,TrayLight #1,,7,0,,,,,,,,,,
493.206,16,Variable Event,Correction_Counter,,7,1,Value,0,,,,,,,,
493.206,21,Group Change Event,Group Change,,7,1,New Group,19,,,,,,,,
493.207,1,Condition Event,Reset Sound Levels to Zero,,19,0,,,,,,,,,,
493.207,4,Output Off Event,Sound #1,,19,0,,,,,,,,,,
493.207,4,Output Off Event,Sound #2,,19,0,,,,,,,,,,
493.207,4,Output Off Event,Sound #3,,19,0,,,,,,,,,,
493.207,21,Group Change Event,Group Change,,19,1,New Group,20,,,,,,,,
493.207,1,Condition Event,Adjust Sound Level 2,,20,0,,,,,,,,,,
493.207,3,Output On Event,Sound #2,,20,0,,,,,,,,,,
493.207,1,Condition Event,NoTone Fall Through,,20,0,,,,,,,,,,
493.207,21,Group Change Event,Group Change,,20,1,New Group,21,,,,,,,,
493.207,1,Condition Event,Play Tone,,21,0,,,,,,,,,,
493.207,7,Pulse Output Event,Sound_On #1,,21,1,Duration,1,,,,,,,,
493.207,21,Group Change Event,Group Change,,21,1,New Group,8,,,,,,,,
493.207,1,Condition Event,Increment counter,,8,0,,,,,,,,,,
493.207,16,Variable Event,Correct_Counter,,8,1,Value,6,,,,,,,,
493.207,16,Variable Event,First_Analysis,,8,1,Value,0,,,,,,,,
493.207,61,Group Maintain Event,Group Change,,8,1,New Group,8,,,,,,,,
493.266,31,Touch Up Event,Bussey Mouse Operant Mode 3 x 1 x low,,8,4,Position,1,Image 1,0,CoordX,71,CoordY,150,,
493.324,30,Touch Down Event,Bussey Mouse Operant Mode 3 x 1 x low,,8,4,Position,1,Image 1,0,CoordX,78,CoordY,129,,
493.364,31,Touch Up Event,Bussey Mouse Operant Mode 3 x 1 x low,,8,4,Position,1,Image 1,0,CoordX,78,CoordY,128,,
493.673,38,Input Transition On Event,FIRBeam #1,,8,0,,,,,,,,,,
493.963,39,Input Transition Off Event,FIRBeam #1,,8,0,,,,,,,,,,
494.128,38,Input Transition On Event,BIRBeam #1,,8,0,,,,,,,,,,
494.417,38,Input Transition On Event,Tray #1,,8,0,,,,,,,,,,
494.417,1,Condition Event,Reward Collected Start ITI,,8,0,,,,,,,,,,
494.417,4,Output Off Event,TrayLight #1,,8,0,,,,,,,,,,
494.417,29,Timer Event,ITI_Timer,,8,1,Value,0,,,,,,,,
494.417,21,Group Change Event,Group Change,,8,1,New Group,9,,,,,,,,
497.868,39,Input Transition Off Event,Tray #1,,9,0,,,,,,,,,,
498.353,39,Input Transition Off Event,BIRBeam #1,,9,0,,,,,,,,,,
514.417,1,Condition Event,Next trial,,9,0,,,,,,,,,,
514.417,3,Output On Event,TrayLight #1,,9,0,,,,,,,,,,
514.417,16,Variable Event,First_Trial,,9,1,Value,0,,,,,,,,
514.417,16,Variable Event,First_Analysis,,9,1,Value,1,,,,,,,,
514.417,16,Variable Event,ITI,,9,1,Value,20,,,,,,,,
514.417,21,Group Change Event,Group Change,,9,1,New Group,15,,,,,,,,
514.417,1,Condition Event,Next trial non corrected Trial,,15,0,,,,,,,,,,
514.417,19,List Change - Next Value,Trial_Type,,15,2,Index,32,Value,6,,,,,,
514.417,21,Group Change Event,Group Change,,15,1,New Group,3,,,,,,,,
515.441,38,Input Transition On Event,BIRBeam #1,,3,0,,,,,,,,,,
516.299,38,Input Transition On Event,Tray #1,,3,0,,,,,,,,,,
516.299,1,Condition Event,Tray Entry and Trial Increment,,3,0,,,,,,,,,,
516.299,4,Output Off Event,TrayLight #1,,3,0,,,,,,,,,,
516.299,4,Output Off Event,Sound #1,,3,0,,,,,,,,,,
516.299,4,Output Off Event,Sound #2,,3,0,,,,,,,,,,
516.299,4,Output Off Event,Sound #3,,3,0,,,,,,,,,,
516.299,7,Pulse Output Event,Sound_On #1,,3,1,Duration,0,,,,,,,,
516.299,16,Variable Event,_Trial_Counter,,3,1,Value,8,,,,,,,,
516.299,16,Variable Event,Correct_Percent,,3,1,Value,6,,,,,,,,
516.299,16,Variable Event,Correct_Percent,,3,1,Value,0.75,,,,,,,,
516.299,16,Variable Event,Correct_Percent,,3,1,Value,75,,,,,,,,
516.299,21,Group Change Event,Group Change,,3,1,New Group,4,,,,,,,,
516.389,39,Input Transition Off Event,Tray #1,,4,0,,,,,,,,,,
516.389,1,Condition Event,Start Trial,,4,0,,,,,,,,,,
516.389,16,Variable Event,Trial,,4,1,Value,6,,,,,,,,
516.389,21,Group Change Event,Group Change,,4,1,New Group,5,,,,,,,,
516.389,1,Condition Event,Set for Trial 6,,5,0,,,,,,,,,,
516.389,16,Variable Event,Correct_Grid_Position,,5,1,Value,3,,,,,,,,
516.389,16,Variable Event,Correct_Image,,5,1,Value,3,,,,,,,,
516.389,16,Variable Event,Incorrect_Grid_Position,,5,1,Value,2,,,,,,,,
516.389,16,Variable Event,Incorrect_Image,,5,1,Value,1,,,,,,,,
516.389,21,Group Change Event,Group Change,,5,1,New Group,6,,,,,,,,
516.389,1,Condition Event,Display Images,,6,0,,,,,,,,,,
516.389,32,Whisker - Display Image,Bussey Mouse Operant Mode 3 x 1 x low,Images,6,2,Position,3,Image 3,2,,,,,,
516.389,32,Whisker - Display Image,Bussey Mouse Operant Mode 3 x 1 x low,Images,6,2,Position,2,Image 1,0,,,,,,
516.389,21,Group Change Event,Group Change,,6,1,New Group,7,,,,,,,,
516.577,38,Input Transition On Event,Tray #1,,7,0,,,,,,,,,,
517.367,39,Input Transition Off Event,Tray #1,,7,0,,,,,,,,,,
517.709,39,Input Transition Off Event,BIRBeam #1,,7,0,,,,,,,,,,
518.088,38,Input Transition On Event,FIRBeam #1,,7,0,,,,,,,,,,
518.404,39,Input Transition Off Event,FIRBeam #1,,7,0,,,,,,,,,,
518.628,38,Input Transition On Event,FIRBeam #1,,7,0,,,,,,,,,,
519.434,39,Input Transition Off Event,FIRBeam #1,,7,0,,,,,,,,,,
519.995,30,Touch Down Event,Bussey Mouse Operant Mode 3 x 1 x low,,7,4,Position,3,Image 3,2,CoordX,43,CoordY,118,,
519.996,1,Condition Event,Correct,,7,0,,,,,,,,,,
519.996,32,Whisker - Display Image,Bussey Mouse Operant Mode 3 x 1 x low,Background,7,2,Position,3,Image 1,0,,,,,,
519.996,32,Whisker - Display Image,Bussey Mouse Operant Mode 3 x 1 x low,Background,7,2,Position,2,Image 1,0,,,,,,
519.996,7,Pulse Output Event,Feeder #1,,7,1,Duration,0.28,,,,,,,,
519.996,3,Output On Event,TrayLight #1,,7,0,,,,,,,,,,
519.996,16,Variable Event,Correction_Counter,,7,1,Value,0,,,,,,,,
519.996,21,Group Change Event,Group Change,,7,1,New Group,19,,,,,,,,
519.996,1,Condition Event,Reset Sound Levels to Zero,,19,0,,,,,,,,,,
519.996,4,Output Off Event,Sound #1,,19,0,,,,,,,,,,
519.996,4,Output Off Event,Sound #2,,19,0,,,,,,,,,,
519.996,4,Output Off Event,Sound #3,,19,0,,,,,,,,,,
519.996,21,Group Change Event,Group Change,,19,1,New Group,20,,,,,,,,
519.996,1,Condition Event,Adjust Sound Level 2,,20,0,,,,,,,,,,
519.996,3,Output On Event,Sound #2,,20,0,,,,,,,,,,
519.996,1,Condition Event,NoTone Fall Through,,20,0,,,,,,,,,,
519.996,21,Group Change Event,Group Change,,20,1,New Group,21,,,,,,,,
519.996,1,Condition Event,Play Tone,,21,0,,,,,,,,,,
519.996,7,Pulse Output Event,Sound_On #1,,21,1,Duration,1,,,,,,,,
519.996,21,Group Change Event,Group Change,,21,1,New Group,8,,,,,,,,
519.996,1,Condition Event,Increment counter,,8,0,,,,,,,,,,
519.996,16,Variable Event,Correct_Counter,,8,1,Value,7,,,,,,,,
519.996,16,Variable Event,First_Analysis,,8,1,Value,0,,,,,,,,
519.996,61,Group Maintain Event,Group Change,,8,1,New Group,8,,,,,,,,
520.251,31,Touch Up Event,Bussey Mouse Operant Mode 3 x 1 x low,,8,4,Position,3,Image 1,0,CoordX,28,CoordY,174,,
520.516,38,Input Transition On Event,FIRBeam #1,,8,0,,,,,,,,,,
520.8,39,Input Transition Off Event,FIRBeam #1,,8,0,,,,,,,,,,
520.949,38,Input Transition On Event,BIRBeam #1,,8,0,,,,,,,,,,
521.2,38,Input Transition On Event,Tray #1,,8,0,,,,,,,,,,
521.2,1,Condition Event,Reward Collected Start ITI,,8,0,,,,,,,,,,
521.2,4,Output Off Event,TrayLight #1,,8,0,,,,,,,,,,
521.2,29,Timer Event,ITI_Timer,,8,1,Value,0,,,,,,,,
521.2,21,Group Change Event,Group Change,,8,1,New Group,9,,,,,,,,
523.622,39,Input Transition Off Event,Tray #1,,9,0,,,,,,,,,,
524.267,39,Input Transition Off Event,BIRBeam #1,,9,0,,,,,,,,,,
524.816,38,Input Transition On Event,FIRBeam #1,,9,0,,,,,,,,,,
533.267,39,Input Transition Off Event,FIRBeam #1,,9,0,,,,,,,,,,
533.419,38,Input Transition On Event,FIRBeam #1,,9,0,,,,,,,,,,
533.944,39,Input Transition Off Event,FIRBeam #1,,9,0,,,,,,,,,,
534.056,38,Input Transition On Event,FIRBeam #1,,9,0,,,,,,,,,,
534.194,39,Input Transition Off Event,FIRBeam #1,,9,0,,,,,,,,,,
534.277,38,Input Transition On Event,FIRBeam #1,,9,0,,,,,,,,,,
535.305,39,Input Transition Off Event,FIRBeam #1,,9,0,,,,,,,,,,
536.088,38,Input Transition On Event,FIRBeam #1,,9,0,,,,,,,,,,
541.2,1,Condition Event,Next trial,,9,0,,,,,,,,,,
541.2,3,Output On Event,TrayLight #1,,9,0,,,,,,,,,,
541.2,16,Variable Event,First_Trial,,9,1,Value,0,,,,,,,,
541.2,16,Variable Event,First_Analysis,,9,1,Value,1,,,,,,,,
541.2,16,Variable Event,ITI,,9,1,Value,20,,,,,,,,
541.2,21,Group Change Event,Group Change,,9,1,New Group,15,,,,,,,,
541.2,1,Condition Event,Next trial non corrected Trial,,15,0,,,,,,,,,,
541.2,19,List Change - Next Value,Trial_Type,,15,2,Index,5,Value,1,,,,,,
541.2,21,Group Change Event,Group Change,,15,1,New Group,3,,,,,,,,
541.717,39,Input Transition Off Event,FIRBeam #1,,3,0,,,,,,,,,,
541.935,38,Input Transition On Event,FIRBeam #1,,3,0,,,,,,,,,,
542.162,39,Input Transition Off Event,FIRBeam #1,,3,0,,,,,,,,,,
542.353,38,Input Transition On Event,BIRBeam #1,,3,0,,,,,,,,,,
542.698,38,Input Transition On Event,Tray #1,,3,0,,,,,,,,,,
542.698,1,Condition Event,Tray Entry and Trial Increment,,3,0,,,,,,,,,,
542.698,4,Output Off Event,TrayLight #1,,3,0,,,,,,,,,,
542.698,4,Output Off Event,Sound #1,,3,0,,,,,,,,,,
542.698,4,Output Off Event,Sound #2,,3,0,,,,,,,,,,
542.698,4,Output Off Event,Sound #3,,3,0,,,,,,,,,,
542.698,7,Pulse Output Event,Sound_On #1,,3,1,Duration,0,,,,,,,,
542.698,16,Variable Event,_Trial_Counter,,3,1,Value,9,,,,,,,,
542.698,16,Variable Event,Correct_Percent,,3,1,Value,7,,,,,,,,
542.698,16,Variable Event,Correct_Percent,,3,1,Value,0.778,,,,,,,,
542.698,16,Variable Event,Correct_Percent,,3,1,Value,77.778,,,,,,,,
542.698,21,Group Change Event,Group Change,,3,1,New Group,4,,,,,,,,
542.765,39,Input Transition Off Event,Tray #1,,4,0,,,,,,,,,,
542.765,1,Condition Event,Start Trial,,4,0,,,,,,,,,,
542.765,16,Variable Event,Trial,,4,1,Value,1,,,,,,,,
542.765,21,Group Change Event,Group Change,,4,1,New Group,5,,,,,,,,
542.765,1,Condition Event,Set for Trial 1,,5,0,,,,,,,,,,
542.765,16,Variable Event,Correct_Grid_Position,,5,1,Value,1,,,,,,,,
542.765,16,Variable Event,Correct_Image,,5,1,Value,1,,,,,,,,
542.765,16,Variable Event,Incorrect_Grid_Position,,5,1,Value,2,,,,,,,,
542.765,16,Variable Event,Incorrect_Image,,5,1,Value,3,,,,,,,,
542.765,21,Group Change Event,Group Change,,5,1,New Group,6,,,,,,,,
542.765,1,Condition Event,Display Images,,6,0,,,,,,,,,,
542.765,32,Whisker - Display Image,Bussey Mouse Operant Mode 3 x 1 x low,Images,6,2,Position,1,Image 1,0,,,,,,
542.765,32,Whisker - Display Image,Bussey Mouse Operant Mode 3 x 1 x low,Images,6,2,Position,2,Image 3,2,,,,,,
542.765,21,Group Change Event,Group Change,,6,1,New Group,7,,,,,,,,
543.395,39,Input Transition Off Event,BIRBeam #1,,7,0,,,,,,,,,,
544.188,38,Input Transition On Event,FIRBeam #1,,7,0,,,,,,,,,,
545.015,39,Input Transition Off Event,FIRBeam #1,,7,0,,,,,,,,,,
545.088,30,Touch Down Event,Bussey Mouse Operant Mode 3 x 1 x low,,7,4,Position,2,Image 3,2,CoordX,49,CoordY,193,,
545.089,1,Condition Event,Incorrect,,7,0,,,,,,,,,,
545.089,32,Whisker - Display Image,Bussey Mouse Operant Mode 3 x 1 x low,Background,7,2,Position,1,Image 1,0,,,,,,
545.089,32,Whisker - Display Image,Bussey Mouse Operant Mode 3 x 1 x low,Background,7,2,Position,2,Image 1,0,,,,,,
545.089,3,Output On Event,Sound #1,,7,0,,,,,,,,,,
545.089,3,Output On Event,Sound #2,,7,0,,,,,,,,,,
545.089,3,Output On Event,Sound #3,,7,0,,,,,,,,,,
545.089,7,Pulse Output Event,Sound_On #1,,7,1,Duration,0,,,,,,,,
545.089,29,Timer Event,Time_Out_Timer,,7,1,Value,0,,,,,,,,
545.089,21,Group Change Event,Group Change,,7,1,New Group,10,,,,,,,,
545.089,1,Condition Event,TO Houselight On,,10,0,,,,,,,,,,
545.089,3,Output On Event,HouseLight #1,,10,0,,,,,,,,,,
545.089,21,Group Change Event,Group Change,,10,1,New Group,11,,,,,,,,
545.089,1,Condition Event,Not correcting,,11,0,,,,,,,,,,
545.089,16,Variable Event,Increment_this_trial,,11,1,Value,1,,,,,,,,
545.089,21,Group Change Event,Group Change,,11,1,New Group,12,,,,,,,,
545.089,1,Condition Event,Incorrect Trails to Correction Trial,,12,0,,,,,,,,,,
545.089,16,Variable Event,Correction_Counter,,12,1,Value,1,,,,,,,,
545.089,21,Group Change Event,Group Change,,12,1,New Group,18,,,,,,,,
545.089,1,Condition Event,Change ITI time,,18,0,,,,,,,,,,
545.089,16,Variable Event,ITI,,18,1,Value,20,,,,,,,,
545.089,21,Group Change Event,Group Change,,18,1,New Group,13,,,,,,,,
545.146,31,Touch Up Event,Bussey Mouse Operant Mode 3 x 1 x low,,13,4,Position,2,Image 1,0,CoordX,31,CoordY,193,,
545.645,30,Touch Down Event,Bussey Mouse Operant Mode 3 x 1 x low,,13,4,Position,0,(NoImageOrVideo),-1,CoordX,216,CoordY,555,,
545.683,31,Touch Up Event,Bussey Mouse Operant Mode 3 x 1 x low,,13,4,Position,0,(NoImageOrVideo),-1,CoordX,216,CoordY,555,,
546.26,38,Input Transition On Event,FIRBeam #1,,13,0,,,,,,,,,,
550.089,1,Condition Event,Time Out End,,13,0,,,,,,,,,,
550.089,29,Timer Event,ITI_Timer,,13,1,Value,0,,,,,,,,
550.089,21,Group Change Event,Group Change,,13,1,New Group,14,,,,,,,,
550.089,1,Condition Event,Reset Houselight off,,14,0,,,,,,,,,,
550.089,4,Output Off Event,HouseLight #1,,14,0,,,,,,,,,,
550.089,21,Group Change Event,Group Change,,14,1,New Group,9,,,,,,,,
550.692,39,Input Transition Off Event,FIRBeam #1,,9,0,,,,,,,,,,
551.957,38,Input Transition On Event,FIRBeam #1,,9,0,,,,,,,,,,
552.288,39,Input Transition Off Event,FIRBeam #1,,9,0,,,,,,,,,,
554.437,30,Touch Down Event,Bussey Mouse Operant Mode 3 x 1 x low,,9,4,Position,1,Image 1,0,CoordX,53,CoordY,154,,
554.437,1,Condition Event,Left Screen Touches,,9,0,,,,,,,,,,
554.437,16,Variable Event,Left_Touches_during_ITI,,9,1,Value,24,,,,,,,,
554.437,61,Group Maintain Event,Group Change,,9,1,New Group,9,,,,,,,,
554.611,31,Touch Up Event,Bussey Mouse Operant Mode 3 x 1 x low,,9,4,Position,1,Image 1,0,CoordX,85,CoordY,120,,
557.185,38,Input Transition On Event,FIRBeam #1,,9,0,,,,,,,,,,
557.925,39,Input Transition Off Event,FIRBeam #1,,9,0,,,,,,,,,,
558.399,30,Touch Down Event,Bussey Mouse Operant Mode 3 x 1 x low,,9,4,Position,3,Image 1,0,CoordX,96,CoordY,193,,
558.399,1,Condition Event,Right Screen Touches,,9,0,,,,,,,,,,
558.399,16,Variable Event,Right_touches_during_ITI,,9,1,Value,14,,,,,,,,
558.399,61,Group Maintain Event,Group Change,,9,1,New Group,9,,,,,,,,
558.438,31,Touch Up Event,Bussey Mouse Operant Mode 3 x 1 x low,,9,4,Position,3,Image 1,0,CoordX,96,CoordY,193,,
558.577,30,Touch Down Event,Bussey Mouse Operant Mode 3 x 1 x low,,9,4,Position,0,(NoImageOrVideo),-1,CoordX,542,CoordY,555,,
558.77,31,Touch Up Event,Bussey Mouse Operant Mode 3 x 1 x low,,9,4,Position,0,(NoImageOrVideo),-1,CoordX,542,CoordY,555,,
558.829,38,Input Transition On Event,FIRBeam #1,,9,0,,,,,,,,,,
559.059,39,Input Transition Off Event,FIRBeam #1,,9,0,,,,,,,,,,
563.262,30,Touch Down Event,Bussey Mouse Operant Mode 3 x 1 x low,,9,4,Position,1,Image 1,0,CoordX,155,CoordY,212,,
563.262,1,Condition Event,Left Screen Touches,,9,0,,,,,,,,,,
563.262,16,Variable Event,Left_Touches_during_ITI,,9,1,Value,25,,,,,,,,
563.262,61,Group Maintain Event,Group Change,,9,1,New Group,9,,,,,,,,
563.59,38,Input Transition On Event,FIRBeam #1,,9,0,,,,,,,,,,
563.769,31,Touch Up Event,Bussey Mouse Operant Mode 3 x 1 x low,,9,4,Position,0,(NoImageOrVideo),-1,CoordX,146,CoordY,555,,
563.817,39,Input Transition Off Event,FIRBeam #1,,9,0,,,,,,,,,,
563.994,38,Input Transition On Event,BIRBeam #1,,9,0,,,,,,,,,,
564.485,39,Input Transition Off Event,BIRBeam #1,,9,0,,,,,,,,,,
564.827,38,Input Transition On Event,FIRBeam #1,,9,0,,,,,,,,,,
566.104,39,Input Transition Off Event,FIRBeam #1,,9,0,,,,,,,,,,
566.678,38,Input Transition On Event,FIRBeam #1,,9,0,,,,,,,,,,
566.951,39,Input Transition Off Event,FIRBeam #1,,9,0,,,,,,,,,,
567.378,38,Input Transition On Event,BIRBeam #1,,9,0,,,,,,,,,,
567.622,39,Input Transition Off Event,BIRBeam #1,,9,0,,,,,,,,,,
569.41,38,Input Transition On Event,FIRBeam #1,,9,0,,,,,,,,,,
570.089,1,Condition Event,Next trial,,9,0,,,,,,,,,,
570.089,3,Output On Event,TrayLight #1,,9,0,,,,,,,,,,
570.089,16,Variable Event,First_Trial,,9,1,Value,0,,,,,,,,
570.089,16,Variable Event,First_Analysis,,9,1,Value,1,,,,,,,,
570.089,16,Variable Event,ITI,,9,1,Value,20,,,,,,,,
570.089,21,Group Change Event,Group Change,,9,1,New Group,15,,,,,,,,
570.089,1,Condition Event,Start Correction Trial,,15,0,,,,,,,,,,
570.089,16,Variable Event,Correction_Trial,,15,1,Value,1,,,,,,,,
570.089,21,Group Change Event,Group Change,,15,1,New Group,16,,,,,,,,
570.547,39,Input Transition Off Event,FIRBeam #1,,16,0,,,,,,,,,,
570.888,38,Input Transition On Event,BIRBeam #1,,16,0,,,,,,,,,,
571.588,39,Input Transition Off Event,BIRBeam #1,,16,0,,,,,,,,,,
572.375,38,Input Transition On Event,BIRBeam #1,,16,0,,,,,,,,,,
572.711,38,Input Transition On Event,Tray #1,,16,0,,,,,,,,,,
572.712,1,Condition Event,Tray Entry Noted Trial Increment,,16,0,,,,,,,,,,
572.712,4,Output Off Event,TrayLight #1,,16,0,,,,,,,,,,
572.712,4,Output Off Event,Sound #1,,16,0,,,,,,,,,,
572.712,4,Output Off Event,Sound #2,,16,0,,,,,,,,,,
572.712,4,Output Off Event,Sound #3,,16,0,,,,,,,,,,
572.712,7,Pulse Output Event,Sound_On #1,,16,1,Duration,0,,,,,,,,
572.712,16,Variable Event,_Trial_Counter,,16,1,Value,10,,,,,,,,
572.712,16,Variable Event,Correct_Percent,,16,1,Value,7,,,,,,,,
572.712,16,Variable Event,Correct_Percent,,16,1,Value,0.7,,,,,,,,
572.712,16,Variable Event,Correct_Percent,,16,1,Value,70,,,,,,,,
572.712,21,Group Change Event,Group Change,,16,1,New Group,17,,,,,,,,
572.808,39,Input Transition Off Event,Tray #1,,17,0,,,,,,,,,,
572.809,1,Condition Event,Tray Exit Starts Correction Trial,,17,0,,,,,,,,,,
572.809,16,Variable Event,Total_No_Correction_Trials,,17,1,Value,10,,,,,,,,
572.809,21,Group Change Event,Group Change,,17,1,New Group,6,,,,,,,,
572.809,1,Condition Event,Display Images,,6,0,,,,,,,,,,
572.809,32,Whisker - Display Image,Bussey Mouse Operant Mode 3 x 1 x low,Images,6,2,Position,1,Image 1,0,,,,,,
572.809,32,Whisker - Display Image,Bussey Mouse Operant Mode 3 x 1 x low,Images,6,2,Position,2,Image 3,2,,,,,,
572.809,21,Group Change Event,Group Change,,6,1,New Group,7,,,,,,,,
573.021,38,Input Transition On Event,Tray #1,,7,0,,,,,,,,,,
575.386,39,Input Transition Off Event,Tray #1,,7,0,,,,,,,,,,
579.58,38,Input Transition On Event,Tray #1,,7,0,,,,,,,,,,
580.263,39,Input Transition Off Event,Tray #1,,7,0,,,,,,,,,,
583.923,38,Input Transition On Event,Tray #1,,7,0,,,,,,,,,,
587.66,39,Input Transition Off Event,Tray #1,,7,0,,,,,,,,,,
588.426,39,Input Transition Off Event,BIRBeam #1,,7,0,,,,,,,,,,
588.779,38,Input Transition On Event,FIRBeam #1,,7,0,,,,,,,,,,
589.606,39,Input Transition Off Event,FIRBeam #1,,7,0,,,,,,,,,,
589.686,30,Touch Down Event,Bussey Mouse Operant Mode 3 x 1 x low,,7,4,Position,2,Image 3,2,CoordX,116,CoordY,193,,
589.687,1,Condition Event,Incorrect,,7,0,,,,,,,,,,
589.687,32,Whisker - Display Image,Bussey Mouse Operant Mode 3 x 1 x low,Background,7,2,Position,1,Image 1,0,,,,,,
589.687,32,Whisker - Display Image,Bussey Mouse Operant Mode 3 x 1 x low,Background,7,2,Position,2,Image 1,0,,,,,,
589.687,3,Output On Event,Sound #1,,7,0,,,,,,,,,,
589.687,3,Output On Event,Sound #2,,7,0,,,,,,,,,,
589.687,3,Output On Event,Sound #3,,7,0,,,,,,,,,,
589.687,7,Pulse Output Event,Sound_On #1,,7,1,Duration,0,,,,,,,,
589.687,29,Timer Event,Time_Out_Timer,,7,1,Value,0,,,,,,,,
589.687,21,Group Change Event,Group Change,,7,1,New Group,10,,,,,,,,
589.687,1,Condition Event,TO Houselight On,,10,0,,,,,,,,,,
589.687,3,Output On Event,HouseLight #1,,10,0,,,,,,,,,,
589.687,21,Group Change Event,Group Change,,10,1,New Group,11,,,,,,,,
589.687,1,Condition Event,Sequential Correction Trials,,11,0,,,,,,,,,,
589.687,16,Variable Event,Sequential_Correction_Trials,,11,1,Value,1,,,,,,,,
589.687,16,Variable Event,Increment_this_trial,,11,1,Value,0,,,,,,,,
589.687,21,Group Change Event,Group Change,,11,1,New Group,12,,,,,,,,
589.687,1,Condition Event,Incorrect Trails to Correction Trial,,12,0,,,,,,,,,,
589.687,16,Variable Event,Correction_Counter,,12,1,Value,2,,,,,,,,
589.687,21,Group Change Event,Group Change,,12,1,New Group,18,,,,,,,,
589.687,1,Condition Event,Change ITI time,,18,0,,,,,,,,,,
589.687,16,Variable Event,ITI,,18,1,Value,20,,,,,,,,
589.687,21,Group Change Event,Group Change,,18,1,New Group,13,,,,,,,,
591.182,31,Touch Up Event,Bussey Mouse Operant Mode 3 x 1 x low,,13,4,Position,2,Image 1,0,CoordX,63,CoordY,118,,
591.281,30,Touch Down Event,Bussey Mouse Operant Mode 3 x 1 x low,,13,4,Position,2,Image 1,0,CoordX,99,CoordY,99,,
591.572,31,Touch Up Event,Bussey Mouse Operant Mode 3 x 1 x low,,13,4,Position,2,Image 1,0,CoordX,81,CoordY,80,,
592.906,38,Input Transition On Event,FIRBeam #1,,13,0,,,,,,,,,,
593.11,39,Input Transition Off Event,FIRBeam #1,,13,0,,,,,,,,,,
593.19,30,Touch Down Event,Bussey Mouse Operant Mode 3 x 1 x low,,13,4,Position,3,Image 1,0,CoordX,96,CoordY,212,,
593.288,31,Touch Up Event,Bussey Mouse Operant Mode 3 x 1 x low,,13,4,Position,3,Image 1,0,CoordX,96,CoordY,193,,
593.423,38,Input Transition On Event,FIRBeam #1,,13,0,,,,,,,,,,
594.086,39,Input Transition Off Event,FIRBeam #1,,13,0,,,,,,,,,,
594.149,38,Input Transition On Event,FIRBeam #1,,13,0,,,,,,,,,,
594.687,1,Condition Event,Time Out End,,13,0,,,,,,,,,,
594.687,29,Timer Event,ITI_Timer,,13,1,Value,0,,,,,,,,
594.687,21,Group Change Event,Group Change,,13,1,New Group,14,,,,,,,,
594.687,1,Condition Event,Reset Houselight off,,14,0,,,,,,,,,,
594.687,4,Output Off Event,HouseLight #1,,14,0,,,,,,,,,,
594.687,21,Group Change Event,Group Change,,14,1,New Group,9,,,,,,,,
600.788,39,Input Transition Off Event,FIRBeam #1,,9,0,,,,,,,,,,
601.923,38,Input Transition On Event,FIRBeam #1,,9,0,,,,,,,,,,
604.537,39,Input Transition Off Event,FIRBeam #1,,9,0,,,,,,,,,,
604.901,38,Input Transition On Event,BIRBeam #1,,9,0,,,,,,,,,,
605.71,39,Input Transition Off Event,BIRBeam #1,,9,0,,,,,,,,,,
607.384,38,Input Transition On Event,BIRBeam #1,,9,0,,,,,,,,,,
607.405,38,Input Transition On Event,Tray #1,,9,0,,,,,,,,,,
607.891,39,Input Transition Off Event,Tray #1,,9,0,,,,,,,,,,
608.227,39,Input Transition Off Event,BIRBeam #1,,9,0,,,,,,,,,,
608.802,38,Input Transition On Event,FIRBeam #1,,9,0,,,,,,,,,,
610.343,39,Input Transition Off Event,FIRBeam #1,,9,0,,,,,,,,,,
610.708,38,Input Transition On Event,FIRBeam #1,,9,0,,,,,,,,,,
611.196,39,Input Transition Off Event,FIRBeam #1,,9,0,,,,,,,,,,
611.758,38,Input Transition On Event,BIRBeam #1,,9,0,,,,,,,,,,
612.277,39,Input Transition Off Event,BIRBeam #1,,9,0,,,,,,,,,,
613.142,38,Input Transition On Event,FIRBeam #1,,9,0,,,,,,,,,,
613.578,39,Input Transition Off Event,FIRBeam #1,,9,0,,,,,,,,,,
614.687,1,Condition Event,Next trial,,9,0,,,,,,,,,,
614.687,3,Output On Event,TrayLight #1,,9,0,,,,,,,,,,
614.687,16,Variable Event,First_Trial,,9,1,Value,0,,,,,,,,
614.687,16,Variable Event,First_Analysis,,9,1,Value,1,,,,,,,,
614.687,16,Variable Event,ITI,,9,1,Value,20,,,,,,,,
614.687,21,Group Change Event,Group Change,,9,1,New Group,15,,,,,,,,
614.687,1,Condition Event,Start Correction Trial,,15,0,,,,,,,,,,
614.687,16,Variable Event,Correction_Trial,,15,1,Value,1,,,,,,,,
614.687,21,Group Change Event,Group Change,,15,1,New Group,16,,,,,,,,
615.633,38,Input Transition On Event,FIRBeam #1,,16,0,,,,,,,,,,
615.871,39,Input Transition Off Event,FIRBeam #1,,16,0,,,,,,,,,,
616.008,38,Input Transition On Event,BIRBeam #1,,16,0,,,,,,,,,,
616.415,38,Input Transition On Event,Tray #1,,16,0,,,,,,,,,,
616.415,1,Condition Event,Tray Entry Noted,,16,0,,,,,,,,,,
616.415,4,Output Off Event,TrayLight #1,,16,0,,,,,,,,,,
616.415,4,Output Off Event,Sound #1,,16,0,,,,,,,,,,
616.415,4,Output Off Event,Sound #2,,16,0,,,,,,,,,,
616.415,4,Output Off Event,Sound #3,,16,0,,,,,,,,,,
616.415,7,Pulse Output Event,Sound_On #1,,16,1,Duration,0,,,,,,,,
616.415,21,Group Change Event,Group Change,,16,1,New Group,17,,,,,,,,
616.609,39,Input Transition Off Event,Tray #1,,17,0,,,,,,,,,,
616.609,1,Condition Event,Tray Exit Starts Correction Trial,,17,0,,,,,,,,,,
616.609,16,Variable Event,Total_No_Correction_Trials,,17,1,Value,11,,,,,,,,
616.609,21,Group Change Event,Group Change,,17,1,New Group,6,,,,,,,,
616.609,1,Condition Event,Display Images,,6,0,,,,,,,,,,
616.609,32,Whisker - Display Image,Bussey Mouse Operant Mode 3 x 1 x low,Images,6,2,Position,1,Image 1,0,,,,,,
616.609,32,Whisker - Display Image,Bussey Mouse Operant Mode 3 x 1 x low,Images,6,2,Position,2,Image 3,2,,,,,,
616.609,21,Group Change Event,Group Change,,6,1,New Group,7,,,,,,,,
617.091,39,Input Transition Off Event,BIRBeam #1,,7,0,,,,,,,,,,
617.45,38,Input Transition On Event,FIRBeam #1,,7,0,,,,,,,,,,
617.955,39,Input Transition Off Event,FIRBeam #1,,7,0,,,,,,,,,,
618.08,30,Touch Down Event,Bussey Mouse Operant Mode 3 x 1 x low,,7,4,Position,2,Image 3,2,CoordX,63,CoordY,212,,
618.081,1,Condition Event,Incorrect,,7,0,,,,,,,,,,
618.081,32,Whisker - Display Image,Bussey Mouse Operant Mode 3 x 1 x low,Background,7,2,Position,1,Image 1,0,,,,,,
618.081,32,Whisker - Display Image,Bussey Mouse Operant Mode 3 x 1 x low,Background,7,2,Position,2,Image 1,0,,,,,,
618.081,3,Output On Event,Sound #1,,7,0,,,,,,,,,,
618.081,3,Output On Event,Sound #2,,7,0,,,,,,,,,,
618.081,3,Output On Event,Sound #3,,7,0,,,,,,,,,,
618.081,7,Pulse Output Event,Sound_On #1,,7,1,Duration,0,,,,,,,,
618.081,29,Timer Event,Time_Out_Timer,,7,1,Value,0,,,,,,,,
618.081,21,Group Change Event,Group Change,,7,1,New Group,10,,,,,,,,
618.081,1,Condition Event,TO Houselight On,,10,0,,,,,,,,,,
618.081,3,Output On Event,HouseLight #1,,10,0,,,,,,,,,,
618.081,21,Group Change Event,Group Change,,10,1,New Group,11,,,,,,,,
618.081,1,Condition Event,Sequential Correction Trials,,11,0,,,,,,,,,,
618.081,16,Variable Event,Sequential_Correction_Trials,,11,1,Value,2,,,,,,,,
618.081,16,Variable Event,Increment_this_trial,,11,1,Value,0,,,,,,,,
618.081,21,Group Change Event,Group Change,,11,1,New Group,12,,,,,,,,
618.081,1,Condition Event,Incorrect Trails to Correction Trial,,12,0,,,,,,,,,,
618.081,16,Variable Event,Correction_Counter,,12,1,Value,3,,,,,,,,
618.081,21,Group Change Event,Group Change,,12,1,New Group,18,,,,,,,,
618.081,1,Condition Event,Change ITI time,,18,0,,,,,,,,,,
618.081,16,Variable Event,ITI,,18,1,Value,20,,,,,,,,
618.081,21,Group Change Event,Group Change,,18,1,New Group,13,,,,,,,,
618.119,31,Touch Up Event,Bussey Mouse Operant Mode 3 x 1 x low,,13,4,Position,2,Image 1,0,CoordX,63,CoordY,212,,
618.537,30,Touch Down Event,Bussey Mouse Operant Mode 3 x 1 x low,,13,4,Position,2,Image 1,0,CoordX,39,CoordY,164,,
619.442,31,Touch Up Event,Bussey Mouse Operant Mode 3 x 1 x low,,13,4,Position,2,Image 1,0,CoordX,134,CoordY,80,,
619.48,30,Touch Down Event,Bussey Mouse Operant Mode 3 x 1 x low,,13,4,Position,2,Image 1,0,CoordX,166,CoordY,76,,
619.928,31,Touch Up Event,Bussey Mouse Operant Mode 3 x 1 x low,,13,4,Position,2,Image 1,0,CoordX,166,CoordY,118,,
620.041,38,Input Transition On Event,FIRBeam #1,,13,0,,,,,,,,,,
621.138,39,Input Transition Off Event,FIRBeam #1,,13,0,,,,,,,,,,
621.912,38,Input Transition On Event,FIRBeam #1,,13,0,,,,,,,,,,
623.081,1,Condition Event,Time Out End,,13,0,,,,,,,,,,
623.081,29,Timer Event,ITI_Timer,,13,1,Value,0,,,,,,,,
623.081,21,Group Change Event,Group Change,,13,1,New Group,14,,,,,,,,
623.081,1,Condition Event,Reset Houselight off,,14,0,,,,,,,,,,
623.081,4,Output Off Event,HouseLight #1,,14,0,,,,,,,,,,
623.081,21,Group Change Event,Group Change,,14,1,New Group,9,,,,,,,,
624.935,39,Input Transition Off Event,FIRBeam #1,,9,0,,,,,,,,,,
629.033,38,Input Transition On Event,BIRBeam #1,,9,0,,,,,,,,,,
630.649,39,Input Transition Off Event,BIRBeam #1,,9,0,,,,,,,,,,
633.16,38,Input Transition On Event,FIRBeam #1,,9,0,,,,,,,,,,
635.801,39,Input Transition Off Event,FIRBeam #1,,9,0,,,,,,,,,,
636.579,38,Input Transition On Event,FIRBeam #1,,9,0,,,,,,,,,,
636.814,39,Input Transition Off Event,FIRBeam #1,,9,0,,,,,,,,,,
640.405,30,Touch Down Event,Bussey Mouse Operant Mode 3 x 1 x low,,9,4,Position,3,Image 1,0,CoordX,131,CoordY,212,,
640.406,1,Condition Event,Right Screen Touches,,9,0,,,,,,,,,,
640.406,16,Variable Event,Right_touches_during_ITI,,9,1,Value,15,,,,,,,,
640.406,61,Group Maintain Event,Group Change,,9,1,New Group,9,,,,,,,,
640.425,31,Touch Up Event,Bussey Mouse Operant Mode 3 x 1 x low,,9,4,Position,3,Image 1,0,CoordX,131,CoordY,212,,
640.454,38,Input Transition On Event,FIRBeam #1,,9,0,,,,,,,,,,
640.818,39,Input Transition Off Event,FIRBeam #1,,9,0,,,,,,,,,,
643.081,1,Condition Event,Next trial,,9,0,,,,,,,,,,
643.081,3,Output On Event,TrayLight #1,,9,0,,,,,,,,,,
643.081,16,Variable Event,First_Trial,,9,1,Value,0,,,,,,,,
643.081,16,Variable Event,First_Analysis,,9,1,Value,1,,,,,,,,
643.081,16,Variable Event,ITI,,9,1,Value,20,,,,,,,,
643.081,21,Group Change Event,Group Change,,9,1,New Group,15,,,,,,,,
643.081,1,Condition Event,Start Correction Trial,,15,0,,,,,,,,,,
643.081,16,Variable Event,Correction_Trial,,15,1,Value,1,,,,,,,,
643.081,21,Group Change Event,Group Change,,15,1,New Group,16,,,,,,,,
644.044,38,Input Transition On Event,FIRBeam #1,,16,0,,,,,,,,,,
644.351,39,Input Transition Off Event,FIRBeam #1,,16,0,,,,,,,,,,
644.468,38,Input Transition On Event,BIRBeam #1,,16,0,,,,,,,,,,
644.791,38,Input Transition On Event,Tray #1,,16,0,,,,,,,,,,
644.792,1,Condition Event,Tray Entry Noted,,16,0,,,,,,,,,,
644.792,4,Output Off Event,TrayLight #1,,16,0,,,,,,,,,,
644.792,4,Output Off Event,Sound #1,,16,0,,,,,,,,,,
644.792,4,Output Off Event,Sound #2,,16,0,,,,,,,,,,
644.792,4,Output Off Event,Sound #3,,16,0,,,,,,,,,,
644.792,7,Pulse Output Event,Sound_On #1,,16,1,Duration,0,,,,,,,,
644.792,21,Group Change Event,Group Change,,16,1,New Group,17,,,,,,,,
644.861,39,Input Transition Off Event,Tray #1,,17,0,,,,,,,,,,
644.862,1,Condition Event,Tray Exit Starts Correction Trial,,17,0,,,,,,,,,,
644.862,16,Variable Event,Total_No_Correction_Trials,,17,1,Value,12,,,,,,,,
644.862,21,Group Change Event,Group Change,,17,1,New Group,6,,,,,,,,
644.862,1,Condition Event,Display Images,,6,0,,,,,,,,,,
644.862,32,Whisker - Display Image,Bussey Mouse Operant Mode 3 x 1 x low,Images,6,2,Position,1,Image 1,0,,,,,,
644.862,32,Whisker - Display Image,Bussey Mouse Operant Mode 3 x 1 x low,Images,6,2,Position,2,Image 3,2,,,,,,
644.862,21,Group Change Event,Group Change,,6,1,New Group,7,,,,,,,,
645.212,39,Input Transition Off Event,BIRBeam #1,,7,0,,,,,,,,,,
645.479,38,Input Transition On Event,FIRBeam #1,,7,0,,,,,,,,,,
645.896,39,Input Transition Off Event,FIRBeam #1,,7,0,,,,,,,,,,
646.001,30,Touch Down Event,Bussey Mouse Operant Mode 3 x 1 x low,,7,4,Position,2,Image 3,2,CoordX,99,CoordY,212,,
646.002,1,Condition Event,Incorrect,,7,0,,,,,,,,,,
646.002,32,Whisker - Display Image,Bussey Mouse Operant Mode 3 x 1 x low,Background,7,2,Position,1,Image 1,0,,,,,,
646.002,32,Whisker - Display Image,Bussey Mouse Operant Mode 3 x 1 x low,Background,7,2,Position,2,Image 1,0,,,,,,
646.002,3,Output On Event,Sound #1,,7,0,,,,,,,,,,
646.002,3,Output On Event,Sound #2,,7,0,,,,,,,,,,
646.002,3,Output On Event,Sound #3,,7,0,,,,,,,,,,
646.002,7,Pulse Output Event,Sound_On #1,,7,1,Duration,0,,,,,,,,
646.002,29,Timer Event,Time_Out_Timer,,7,1,Value,0,,,,,,,,
646.002,21,Group Change Event,Group Change,,7,1,New Group,10,,,,,,,,
646.002,1,Condition Event,TO Houselight On,,10,0,,,,,,,,,,
646.002,3,Output On Event,HouseLight #1,,10,0,,,,,,,,,,
646.002,21,Group Change Event,Group Change,,10,1,New Group,11,,,,,,,,
646.002,1,Condition Event,Sequential Correction Trials,,11,0,,,,,,,,,,
646.002,16,Variable Event,Sequential_Correction_Trials,,11,1,Value,3,,,,,,,,
646.002,16,Variable Event,Increment_this_trial,,11,1,Value,0,,,,,,,,
646.002,21,Group Change Event,Group Change,,11,1,New Group,12,,,,,,,,
646.002,1,Condition Event,Incorrect Trails to Correction Trial,,12,0,,,,,,,,,,
646.002,16,Variable Event,Correction_Counter,,12,1,Value,4,,,,,,,,
646.002,21,Group Change Event,Group Change,,12,1,New Group,18,,,,,,,,
646.002,1,Condition Event,Change ITI time,,18,0,,,,,,,,,,
646.002,16,Variable Event,ITI,,18,1,Value,20,,,,,,,,
646.002,21,Group Change Event,Group Change,,18,1,New Group,13,,,,,,,,
646.08,31,Touch Up Event,Bussey Mouse Operant Mode 3 x 1 x low,,13,4,Position,2,Image 1,0,CoordX,81,CoordY,193,,
646.758,30,Touch Down Event,Bussey Mouse Operant Mode 3 x 1 x low,,13,4,Position,1,Image 1,0,CoordX,173,CoordY,125,,
646.837,31,Touch Up Event,Bussey Mouse Operant Mode 3 x 1 x low,,13,4,Position,1,Image 1,0,CoordX,187,CoordY,138,,
647.116,30,Touch Down Event,Bussey Mouse Operant Mode 3 x 1 x low,,13,4,Position,2,Image 1,0,CoordX,63,CoordY,135,,
647.542,31,Touch Up Event,Bussey Mouse Operant Mode 3 x 1 x low,,13,4,Position,2,Image 1,0,CoordX,49,CoordY,118,,
649.04,38,Input Transition On Event,FIRBeam #1,,13,0,,,,,,,,,,
649.083,39,Input Transition Off Event,FIRBeam #1,,13,0,,,,,,,,,,
649.157,38,Input Transition On Event,FIRBeam #1,,13,0,,,,,,,,,,
651.002,1,Condition Event,Time Out End,,13,0,,,,,,,,,,
651.002,29,Timer Event,ITI_Timer,,13,1,Value,0,,,,,,,,
651.002,21,Group Change Event,Group Change,,13,1,New Group,14,,,,,,,,
651.002,1,Condition Event,Reset Houselight off,,14,0,,,,,,,,,,
651.002,4,Output Off Event,HouseLight #1,,14,0,,,,,,,,,,
651.002,21,Group Change Event,Group Change,,14,1,New Group,9,,,,,,,,
653.115,30,Touch Down Event,Bussey Mouse Operant Mode 3 x 1 x low,,9,4,Position,2,Image 1,0,CoordX,49,CoordY,118,,
653.115,1,Condition Event,Centre Screen Touches,,9,0,,,,,,,,,,
653.115,16,Variable Event,Centre_Touches_during_ITI,,9,1,Value,14,,,,,,,,
653.115,61,Group Maintain Event,Group Change,,9,1,New Group,9,,,,,,,,
653.374,31,Touch Up Event,Bussey Mouse Operant Mode 3 x 1 x low,,9,4,Position,2,Image 1,0,CoordX,49,CoordY,118,,
654.679,39,Input Transition Off Event,FIRBeam #1,,9,0,,,,,,,,,,
654.926,38,Input Transition On Event,FIRBeam #1,,9,0,,,,,,,,,,
655.468,39,Input Transition Off Event,FIRBeam #1,,9,0,,,,,,,,,,
656.591,38,Input Transition On Event,FIRBeam #1,,9,0,,,,,,,,,,
658.99,39,Input Transition Off Event,FIRBeam #1,,9,0,,,,,,,,,,
659.045,30,Touch Down Event,Bussey Mouse Operant Mode 3 x 1 x low,,9,4,Position,2,Image 1,0,CoordX,49,CoordY,99,,
659.046,1,Condition Event,Centre Screen Touches,,9,0,,,,,,,,,,
659.046,16,Variable Event,Centre_Touches_during_ITI,,9,1,Value,15,,,,,,,,
659.046,61,Group Maintain Event,Group Change,,9,1,New Group,9,,,,,,,,
659.122,31,Touch Up Event,Bussey Mouse Operant Mode 3 x 1 x low,,9,4,Position,2,Image 1,0,CoordX,49,CoordY,99,,
659.361,30,Touch Down Event,Bussey Mouse Operant Mode 3 x 1 x low,,9,4,Position,2,Image 1,0,CoordX,63,CoordY,41,,
659.362,1,Condition Event,Centre Screen Touches,,9,0,,,,,,,,,,
659.362,16,Variable Event,Centre_Touches_during_ITI,,9,1,Value,16,,,,,,,,
659.362,61,Group Maintain Event,Group Change,,9,1,New Group,9,,,,,,,,
659.787,31,Touch Up Event,Bussey Mouse Operant Mode 3 x 1 x low,,9,4,Position,2,Image 1,0,CoordX,63,CoordY,86,,
660.705,30,Touch Down Event,Bussey Mouse Operant Mode 3 x 1 x low,,9,4,Position,3,Image 1,0,CoordX,181,CoordY,212,,
660.706,1,Condition Event,Right Screen Touches,,9,0,,,,,,,,,,
660.706,16,Variable Event,Right_touches_during_ITI,,9,1,Value,16,,,,,,,,
660.706,61,Group Maintain Event,Group Change,,9,1,New Group,9,,,,,,,,
661.903,31,Touch Up Event,Bussey Mouse Operant Mode 3 x 1 x low,,9,4,Position,3,Image 1,0,CoordX,96,CoordY,154,,
661.922,30,Touch Down Event,Bussey Mouse Operant Mode 3 x 1 x low,,9,4,Position,3,Image 1,0,CoordX,43,CoordY,193,,
661.922,1,Condition Event,Right Screen Touches,,9,0,,,,,,,,,,
661.922,16,Variable Event,Right_touches_during_ITI,,9,1,Value,17,,,,,,,,
661.922,61,Group Maintain Event,Group Change,,9,1,New Group,9,,,,,,,,
661.96,31,Touch Up Event,Bussey Mouse Operant Mode 3 x 1 x low,,9,4,Position,3,Image 1,0,CoordX,43,CoordY,212,,
662.06,30,Touch Down Event,Bussey Mouse Operant Mode 3 x 1 x low,,9,4,Position,3,Image 1,0,CoordX,24,CoordY,226,,
662.061,1,Condition Event,Right Screen Touches,,9,0,,,,,,,,,,
662.061,16,Variable Event,Right_touches_during_ITI,,9,1,Value,18,,,,,,,,
662.061,61,Group Maintain Event,Group Change,,9,1,New Group,9,,,,,,,,
662.194,31,Touch Up Event,Bussey Mouse Operant Mode 3 x 1 x low,,9,4,Position,3,Image 1,0,CoordX,23,CoordY,222,,
663.113,30,Touch Down Event,Bussey Mouse Operant Mode 3 x 1 x low,,9,4,Position,1,Image 1,0,CoordX,103,CoordY,123,,
663.114,1,Condition Event,Left Screen Touches,,9,0,,,,,,,,,,
663.114,16,Variable Event,Left_Touches_during_ITI,,9,1,Value,26,,,,,,,,
663.114,61,Group Maintain Event,Group Change,,9,1,New Group,9,,,,,,,,
663.307,31,Touch Up Event,Bussey Mouse Operant Mode 3 x 1 x low,,9,4,Position,1,Image 1,0,CoordX,103,CoordY,55,,
663.426,30,Touch Down Event,Bussey Mouse Operant Mode 3 x 1 x low,,9,4,Position,1,Image 1,0,CoordX,138,CoordY,85,,
663.427,1,Condition Event,Left Screen Touches,,9,0,,,,,,,,,,
663.427,16,Variable Event,Left_Touches_during_ITI,,9,1,Value,27,,,,,,,,
663.427,61,Group Maintain Event,Group Change,,9,1,New Group,9,,,,,,,,
664.102,31,Touch Up Event,Bussey Mouse Operant Mode 3 x 1 x low,,9,4,Position,1,Image 1,0,CoordX,155,CoordY,129,,
664.182,30,Touch Down Event,Bussey Mouse Operant Mode 3 x 1 x low,,9,4,Position,1,Image 1,0,CoordX,187,CoordY,193,,
664.183,1,Condition Event,Left Screen Touches,,9,0,,,,,,,,,,
664.183,16,Variable Event,Left_Touches_during_ITI,,9,1,Value,28,,,,,,,,
664.183,61,Group Maintain Event,Group Change,,9,1,New Group,9,,,,,,,,
664.202,31,Touch Up Event,Bussey Mouse Operant Mode 3 x 1 x low,,9,4,Position,1,Image 1,0,CoordX,187,CoordY,193,,
664.382,30,Touch Down Event,Bussey Mouse Operant Mode 3 x 1 x low,,9,4,Position,0,(NoImageOrVideo),-1,CoordX,254,CoordY,555,,
664.558,31,Touch Up Event,Bussey Mouse Operant Mode 3 x 1 x low,,9,4,Position,0,(NoImageOrVideo),-1,CoordX,253,CoordY,555,,
665.063,38,Input Transition On Event,FIRBeam #1,,9,0,,,,,,,,,,
665.611,39,Input Transition Off Event,FIRBeam #1,,9,0,,,,,,,,,,
665.617,30,Touch Down Event,Bussey Mouse Operant Mode 3 x 1 x low,,9,4,Position,3,Image 1,0,CoordX,61,CoordY,174,,
665.618,1,Condition Event,Right Screen Touches,,9,0,,,,,,,,,,
665.618,16,Variable Event,Right_touches_during_ITI,,9,1,Value,19,,,,,,,,
665.618,61,Group Maintain Event,Group Change,,9,1,New Group,9,,,,,,,,
665.872,31,Touch Up Event,Bussey Mouse Operant Mode 3 x 1 x low,,9,4,Position,3,Image 1,0,CoordX,43,CoordY,193,,
667.353,38,Input Transition On Event,FIRBeam #1,,9,0,,,,,,,,,,
667.517,39,Input Transition Off Event,FIRBeam #1,,9,0,,,,,,,,,,
667.723,38,Input Transition On Event,BIRBeam #1,,9,0,,,,,,,,,,
667.975,39,Input Transition Off Event,BIRBeam #1,,9,0,,,,,,,,,,
669.15,38,Input Transition On Event,FIRBeam #1,,9,0,,,,,,,,,,
669.411,39,Input Transition Off Event,FIRBeam #1,,9,0,,,,,,,,,,
669.645,30,Touch Down Event,Bussey Mouse Operant Mode 3 x 1 x low,,9,4,Position,1,Image 1,0,CoordX,18,CoordY,61,,
669.646,1,Condition Event,Left Screen Touches,,9,0,,,,,,,,,,
669.646,16,Variable Event,Left_Touches_during_ITI,,9,1,Value,29,,,,,,,,
669.646,61,Group Maintain Event,Group Change,,9,1,New Group,9,,,,,,,,
669.724,31,Touch Up Event,Bussey Mouse Operant Mode 3 x 1 x low,,9,4,Position,1,Image 1,0,CoordX,18,CoordY,80,,
669.804,30,Touch Down Event,Bussey Mouse Operant Mode 3 x 1 x low,,9,4,Position,1,Image 1,0,CoordX,36,CoordY,80,,
669.805,1,Condition Event,Left Screen Touches,,9,0,,,,,,,,,,
669.805,16,Variable Event,Left_Touches_during_ITI,,9,1,Value,30,,,,,,,,
669.805,61,Group Maintain Event,Group Change,,9,1,New Group,9,,,,,,,,
669.863,31,Touch Up Event,Bussey Mouse Operant Mode 3 x 1 x low,,9,4,Position,1,Image 1,0,CoordX,36,CoordY,80,,
670.022,30,Touch Down Event,Bussey Mouse Operant Mode 3 x 1 x low,,9,4,Position,1,Image 1,0,CoordX,71,CoordY,174,,
670.023,1,Condition Event,Left Screen Touches,,9,0,,,,,,,,,,
670.023,16,Variable Event,Left_Touches_during_ITI,,9,1,Value,31,,,,,,,,
670.023,61,Group Maintain Event,Group Change,,9,1,New Group,9,,,,,,,,
670.122,31,Touch Up Event,Bussey Mouse Operant Mode 3 x 1 x low,,9,4,Position,1,Image 1,0,CoordX,71,CoordY,174,,
670.141,30,Touch Down Event,Bussey Mouse Operant Mode 3 x 1 x low,,9,4,Position,1,Image 1,0,CoordX,71,CoordY,174,,
670.142,1,Condition Event,Left Screen Touches,,9,0,,,,,,,,,,
670.142,16,Variable Event,Left_Touches_during_ITI,,9,1,Value,32,,,,,,,,
670.142,61,Group Maintain Event,Group Change,,9,1,New Group,9,,,,,,,,
670.258,31,Touch Up Event,Bussey Mouse Operant Mode 3 x 1 x low,,9,4,Position,1,Image 1,0,CoordX,53,CoordY,193,,
670.496,30,Touch Down Event,Bussey Mouse Operant Mode 3 x 1 x low,,9,4,Position,1,Image 1,0,CoordX,85,CoordY,193,,
670.497,1,Condition Event,Left Screen Touches,,9,0,,,,,,,,,,
670.497,16,Variable Event,Left_Touches_during_ITI,,9,1,Value,33,,,,,,,,
670.497,61,Group Maintain Event,Group Change,,9,1,New Group,9,,,,,,,,
670.515,31,Touch Up Event,Bussey Mouse Operant Mode 3 x 1 x low,,9,4,Position,1,Image 1,0,CoordX,85,CoordY,193,,
670.555,30,Touch Down Event,Bussey Mouse Operant Mode 3 x 1 x low,,9,4,Position,0,(NoImageOrVideo),-1,CoordX,146,CoordY,575,,
670.574,31,Touch Up Event,Bussey Mouse Operant Mode 3 x 1 x low,,9,4,Position,1,Image 1,0,CoordX,103,CoordY,212,,
670.614,30,Touch Down Event,Bussey Mouse Operant Mode 3 x 1 x low,,9,4,Position,1,Image 1,0,CoordX,85,CoordY,212,,
670.615,1,Condition Event,Left Screen Touches,,9,0,,,,,,,,,,
670.615,16,Variable Event,Left_Touches_during_ITI,,9,1,Value,34,,,,,,,,
670.615,61,Group Maintain Event,Group Change,,9,1,New Group,9,,,,,,,,
670.813,31,Touch Up Event,Bussey Mouse Operant Mode 3 x 1 x low,,9,4,Position,1,Image 1,0,CoordX,85,CoordY,212,,
670.953,30,Touch Down Event,Bussey Mouse Operant Mode 3 x 1 x low,,9,4,Position,1,Image 1,0,CoordX,85,CoordY,193,,
670.953,1,Condition Event,Left Screen Touches,,9,0,,,,,,,,,,
670.953,16,Variable Event,Left_Touches_during_ITI,,9,1,Value,35,,,,,,,,
670.953,61,Group Maintain Event,Group Change,,9,1,New Group,9,,,,,,,,
671.002,1,Condition Event,Next trial,,9,0,,,,,,,,,,
671.002,3,Output On Event,TrayLight #1,,9,0,,,,,,,,,,
671.002,16,Variable Event,First_Trial,,9,1,Value,0,,,,,,,,
671.002,16,Variable Event,First_Analysis,,9,1,Value,1,,,,,,,,
671.002,16,Variable Event,ITI,,9,1,Value,20,,,,,,,,
671.002,21,Group Change Event,Group Change,,9,1,New Group,15,,,,,,,,
671.002,1,Condition Event,Start Correction Trial,,15,0,,,,,,,,,,
671.002,16,Variable Event,Correction_Trial,,15,1,Value,1,,,,,,,,
671.002,21,Group Change Event,Group Change,,15,1,New Group,16,,,,,,,,
671.032,31,Touch Up Event,Bussey Mouse Operant Mode 3 x 1 x low,,16,4,Position,1,Image 1,0,CoordX,85,CoordY,212,,
671.052,30,Touch Down Event,Bussey Mouse Operant Mode 3 x 1 x low,,16,4,Position,1,Image 1,0,CoordX,71,CoordY,193,,
671.486,31,Touch Up Event,Bussey Mouse Operant Mode 3 x 1 x low,,16,4,Position,1,Image 1,0,CoordX,71,CoordY,174,,
671.7,30,Touch Down Event,Bussey Mouse Operant Mode 3 x 1 x low,,16,4,Position,1,Image 1,0,CoordX,103,CoordY,174,,
671.72,31,Touch Up Event,Bussey Mouse Operant Mode 3 x 1 x low,,16,4,Position,1,Image 1,0,CoordX,103,CoordY,174,,
672.047,30,Touch Down Event,Bussey Mouse Operant Mode 3 x 1 x low,,16,4,Position,1,Image 1,0,CoordX,138,CoordY,134,,
672.24,31,Touch Up Event,Bussey Mouse Operant Mode 3 x 1 x low,,16,4,Position,1,Image 1,0,CoordX,138,CoordY,118,,
672.278,30,Touch Down Event,Bussey Mouse Operant Mode 3 x 1 x low,,16,4,Position,1,Image 1,0,CoordX,155,CoordY,154,,
672.297,31,Touch Up Event,Bussey Mouse Operant Mode 3 x 1 x low,,16,4,Position,1,Image 1,0,CoordX,155,CoordY,154,,
672.475,38,Input Transition On Event,FIRBeam #1,,16,0,,,,,,,,,,
672.638,39,Input Transition Off Event,FIRBeam #1,,16,0,,,,,,,,,,
672.781,38,Input Transition On Event,BIRBeam #1,,16,0,,,,,,,,,,
676.085,39,Input Transition Off Event,BIRBeam #1,,16,0,,,,,,,,,,
676.453,38,Input Transition On Event,FIRBeam #1,,16,0,,,,,,,,,,
676.972,39,Input Transition Off Event,FIRBeam #1,,16,0,,,,,,,,,,
677.041,38,Input Transition On Event,FIRBeam #1,,16,0,,,,,,,,,,
677.236,39,Input Transition Off Event,FIRBeam #1,,16,0,,,,,,,,,,
677.353,38,Input Transition On Event,BIRBeam #1,,16,0,,,,,,,,,,
677.89,39,Input Transition Off Event,BIRBeam #1,,16,0,,,,,,,,,,
680.792,38,Input Transition On Event,BIRBeam #1,,16,0,,,,,,,,,,
681.478,39,Input Transition Off Event,BIRBeam #1,,16,0,,,,,,,,,,
682.121,38,Input Transition On Event,BIRBeam #1,,16,0,,,,,,,,,,
682.416,38,Input Transition On Event,Tray #1,,16,0,,,,,,,,,,
682.416,1,Condition Event,Tray Entry Noted,,16,0,,,,,,,,,,
682.416,4,Output Off Event,TrayLight #1,,16,0,,,,,,,,,,
682.416,4,Output Off Event,Sound #1,,16,0,,,,,,,,,,
682.416,4,Output Off Event,Sound #2,,16,0,,,,,,,,,,
682.416,4,Output Off Event,Sound #3,,16,0,,,,,,,,,,
682.416,7,Pulse Output Event,Sound_On #1,,16,1,Duration,0,,,,,,,,
682.416,21,Group Change Event,Group Change,,16,1,New Group,17,,,,,,,,
682.466,39,Input Transition Off Event,Tray #1,,17,0,,,,,,,,,,
682.466,1,Condition Event,Tray Exit Starts Correction Trial,,17,0,,,,,,,,,,
682.466,16,Variable Event,Total_No_Correction_Trials,,17,1,Value,13,,,,,,,,
682.466,21,Group Change Event,Group Change,,17,1,New Group,6,,,,,,,,
682.466,1,Condition Event,Display Images,,6,0,,,,,,,,,,
682.466,32,Whisker - Display Image,Bussey Mouse Operant Mode 3 x 1 x low,Images,6,2,Position,1,Image 1,0,,,,,,
682.466,32,Whisker - Display Image,Bussey Mouse Operant Mode 3 x 1 x low,Images,6,2,Position,2,Image 3,2,,,,,,
682.466,21,Group Change Event,Group Change,,6,1,New Group,7,,,,,,,,
682.535,38,Input Transition On Event,Tray #1,,7,0,,,,,,,,,,
682.66,39,Input Transition Off Event,Tray #1,,7,0,,,,,,,,,,
683.992,39,Input Transition Off Event,BIRBeam #1,,7,0,,,,,,,,,,
685.051,38,Input Transition On Event,FIRBeam #1,,7,0,,,,,,,,,,
685.631,39,Input Transition Off Event,FIRBeam #1,,7,0,,,,,,,,,,
685.932,30,Touch Down Event,Bussey Mouse Operant Mode 3 x 1 x low,,7,4,Position,2,Image 3,2,CoordX,99,CoordY,193,,
685.933,1,Condition Event,Incorrect,,7,0,,,,,,,,,,
685.933,32,Whisker - Display Image,Bussey Mouse Operant Mode 3 x 1 x low,Background,7,2,Position,1,Image 1,0,,,,,,
685.933,32,Whisker - Display Image,Bussey Mouse Operant Mode 3 x 1 x low,Background,7,2,Position,2,Image 1,0,,,,,,
685.933,3,Output On Event,Sound #1,,7,0,,,,,,,,,,
685.933,3,Output On Event,Sound #2,,7,0,,,,,,,,,,
685.933,3,Output On Event,Sound #3,,7,0,,,,,,,,,,
685.933,7,Pulse Output Event,Sound_On #1,,7,1,Duration,0,,,,,,,,
685.933,29,Timer Event,Time_Out_Timer,,7,1,Value,0,,,,,,,,
685.933,21,Group Change Event,Group Change,,7,1,New Group,10,,,,,,,,
685.933,1,Condition Event,TO Houselight On,,10,0,,,,,,,,,,
685.933,3,Output On Event,HouseLight #1,,10,0,,,,,,,,,,
685.933,21,Group Change Event,Group Change,,10,1,New Group,11,,,,,,,,
685.933,1,Condition Event,Sequential Correction Trials,,11,0,,,,,,,,,,
685.933,16,Variable Event,Sequential_Correction_Trials,,11,1,Value,4,,,,,,,,
685.933,16,Variable Event,Increment_this_trial,,11,1,Value,0,,,,,,,,
685.933,21,Group Change Event,Group Change,,11,1,New Group,12,,,,,,,,
685.933,1,Condition Event,Incorrect Trails to Correction Trial,,12,0,,,,,,,,,,
685.933,16,Variable Event,Correction_Counter,,12,1,Value,5,,,,,,,,
685.933,21,Group Change Event,Group Change,,12,1,New Group,18,,,,,,,,
685.933,1,Condition Event,Change ITI time,,18,0,,,,,,,,,,
685.933,16,Variable Event,ITI,,18,1,Value,20,,,,,,,,
685.933,21,Group Change Event,Group Change,,18,1,New Group,13,,,,,,,,
686.091,31,Touch Up Event,Bussey Mouse Operant Mode 3 x 1 x low,,13,4,Position,2,Image 1,0,CoordX,81,CoordY,193,,
686.225,38,Input Transition On Event,FIRBeam #1,,13,0,,,,,,,,,,
686.369,39,Input Transition Off Event,FIRBeam #1,,13,0,,,,,,,,,,
688.749,30,Touch Down Event,Bussey Mouse Operant Mode 3 x 1 x low,,13,4,Position,1,Image 1,0,CoordX,187,CoordY,80,,
688.807,31,Touch Up Event,Bussey Mouse Operant Mode 3 x 1 x low,,13,4,Position,1,Image 1,0,CoordX,187,CoordY,80,,
688.847,30,Touch Down Event,Bussey Mouse Operant Mode 3 x 1 x low,,13,4,Position,1,Image 1,0,CoordX,205,CoordY,31,,
689.195,31,Touch Up Event,Bussey Mouse Operant Mode 3 x 1 x low,,13,4,Position,1,Image 1,0,CoordX,187,CoordY,99,,
690.933,1,Condition Event,Time Out End,,13,0,,,,,,,,,,
690.933,29,Timer Event,ITI_Timer,,13,1,Value,0,,,,,,,,
690.933,21,Group Change Event,Group Change,,13,1,New Group,14,,,,,,,,
690.933,1,Condition Event,Reset Houselight off,,14,0,,,,,,,,,,
690.933,4,Output Off Event,HouseLight #1,,14,0,,,,,,,,,,
690.933,21,Group Change Event,Group Change,,14,1,New Group,9,,,,,,,,
691.265,38,Input Transition On Event,FIRBeam #1,,9,0,,,,,,,,,,
692.58,39,Input Transition Off Event,FIRBeam #1,,9,0,,,,,,,,,,
695.436,30,Touch Down Event,Bussey Mouse Operant Mode 3 x 1 x low,,9,4,Position,3,Image 1,0,CoordX,164,CoordY,96,,
695.436,1,Condition Event,Right Screen Touches,,9,0,,,,,,,,,,
695.436,16,Variable Event,Right_touches_during_ITI,,9,1,Value,20,,,,,,,,
695.436,61,Group Maintain Event,Group Change,,9,1,New Group,9,,,,,,,,
695.552,31,Touch Up Event,Bussey Mouse Operant Mode 3 x 1 x low,,9,4,Position,3,Image 1,0,CoordX,146,CoordY,135,,
695.592,30,Touch Down Event,Bussey Mouse Operant Mode 3 x 1 x low,,9,4,Position,3,Image 1,0,CoordX,146,CoordY,118,,
695.592,1,Condition Event,Right Screen Touches,,9,0,,,,,,,,,,
695.592,16,Variable Event,Right_touches_during_ITI,,9,1,Value,21,,,,,,,,
695.592,61,Group Maintain Event,Group Change,,9,1,New Group,9,,,,,,,,
695.709,31,Touch Up Event,Bussey Mouse Operant Mode 3 x 1 x low,,9,4,Position,3,Image 1,0,CoordX,114,CoordY,118,,
695.768,30,Touch Down Event,Bussey Mouse Operant Mode 3 x 1 x low,,9,4,Position,3,Image 1,0,CoordX,146,CoordY,99,,
695.768,1,Condition Event,Right Screen Touches,,9,0,,,,,,,,,,
695.768,16,Variable Event,Right_touches_during_ITI,,9,1,Value,22,,,,,,,,
695.768,61,Group Maintain Event,Group Change,,9,1,New Group,9,,,,,,,,
695.864,31,Touch Up Event,Bussey Mouse Operant Mode 3 x 1 x low,,9,4,Position,3,Image 1,0,CoordX,146,CoordY,99,,
695.903,30,Touch Down Event,Bussey Mouse Operant Mode 3 x 1 x low,,9,4,Position,3,Image 1,0,CoordX,181,CoordY,61,,
695.903,1,Condition Event,Right Screen Touches,,9,0,,,,,,,,,,
695.903,16,Variable Event,Right_touches_during_ITI,,9,1,Value,23,,,,,,,,
695.903,61,Group Maintain Event,Group Change,,9,1,New Group,9,,,,,,,,
696.388,31,Touch Up Event,Bussey Mouse Operant Mode 3 x 1 x low,,9,4,Position,3,Image 1,0,CoordX,181,CoordY,99,,
697.316,38,Input Transition On Event,FIRBeam #1,,9,0,,,,,,,,,,
697.669,39,Input Transition Off Event,FIRBeam #1,,9,0,,,,,,,,,,
702.103,38,Input Transition On Event,BIRBeam #1,,9,0,,,,,,,,,,
703.647,39,Input Transition Off Event,BIRBeam #1,,9,0,,,,,,,,,,
704.06,38,Input Transition On Event,BIRBeam #1,,9,0,,,,,,,,,,
704.448,39,Input Transition Off Event,BIRBeam #1,,9,0,,,,,,,,,,
704.87,38,Input Transition On Event,FIRBeam #1,,9,0,,,,,,,,,,
706.535,39,Input Transition Off Event,FIRBeam #1,,9,0,,,,,,,,,,
707.241,38,Input Transition On Event,FIRBeam #1,,9,0,,,,,,,,,,
708.702,39,Input Transition Off Event,FIRBeam #1,,9,0,,,,,,,,,,
708.893,38,Input Transition On Event,BIRBeam #1,,9,0,,,,,,,,,,
709.186,39,Input Transition Off Event,BIRBeam #1,,9,0,,,,,,,,,,
709.597,38,Input Transition On Event,FIRBeam #1,,9,0,,,,,,,,,,
710.933,1,Condition Event,Next trial,,9,0,,,,,,,,,,
710.933,3,Output On Event,TrayLight #1,,9,0,,,,,,,,,,
710.933,16,Variable Event,First_Trial,,9,1,Value,0,,,,,,,,
710.933,16,Variable Event,First_Analysis,,9,1,Value,1,,,,,,,,
710.933,16,Variable Event,ITI,,9,1,Value,20,,,,,,,,
710.933,21,Group Change Event,Group Change,,9,1,New Group,15,,,,,,,,
710.933,1,Condition Event,Start Correction Trial,,15,0,,,,,,,,,,
710.933,16,Variable Event,Correction_Trial,,15,1,Value,1,,,,,,,,
710.933,21,Group Change Event,Group Change,,15,1,New Group,16,,,,,,,,
711.064,39,Input Transition Off Event,FIRBeam #1,,16,0,,,,,,,,,,
711.793,38,Input Transition On Event,FIRBeam #1,,16,0,,,,,,,,,,
712.066,39,Input Transition Off Event,FIRBeam #1,,16,0,,,,,,,,,,
712.197,38,Input Transition On Event,BIRBeam #1,,16,0,,,,,,,,,,
712.865,38,Input Transition On Event,Tray #1,,16,0,,,,,,,,,,
712.866,1,Condition Event,Tray Entry Noted,,16,0,,,,,,,,,,
712.866,4,Output Off Event,TrayLight #1,,16,0,,,,,,,,,,
712.866,4,Output Off Event,Sound #1,,16,0,,,,,,,,,,
712.866,4,Output Off Event,Sound #2,,16,0,,,,,,,,,,
712.866,4,Output Off Event,Sound #3,,16,0,,,,,,,,,,
712.866,7,Pulse Output Event,Sound_On #1,,16,1,Duration,0,,,,,,,,
712.866,21,Group Change Event,Group Change,,16,1,New Group,17,,,,,,,,
712.966,39,Input Transition Off Event,Tray #1,,17,0,,,,,,,,,,
712.967,1,Condition Event,Tray Exit Starts Correction Trial,,17,0,,,,,,,,,,
712.967,16,Variable Event,Total_No_Correction_Trials,,17,1,Value,14,,,,,,,,
712.967,21,Group Change Event,Group Change,,17,1,New Group,6,,,,,,,,
712.967,1,Condition Event,Display Images,,6,0,,,,,,,,,,
712.967,32,Whisker - Display Image,Bussey Mouse Operant Mode 3 x 1 x low,Images,6,2,Position,1,Image 1,0,,,,,,
712.967,32,Whisker - Display Image,Bussey Mouse Operant Mode 3 x 1 x low,Images,6,2,Position,2,Image 3,2,,,,,,
712.967,21,Group Change Event,Group Change,,6,1,New Group,7,,,,,,,,
713.092,39,Input Transition Off Event,BIRBeam #1,,7,0,,,,,,,,,,
713.455,38,Input Transition On Event,FIRBeam #1,,7,0,,,,,,,,,,
714.129,39,Input Transition Off Event,FIRBeam #1,,7,0,,,,,,,,,,
714.291,30,Touch Down Event,Bussey Mouse Operant Mode 3 x 1 x low,,7,4,Position,2,Image 3,2,CoordX,99,CoordY,193,,
714.292,1,Condition Event,Incorrect,,7,0,,,,,,,,,,
714.292,32,Whisker - Display Image,Bussey Mouse Operant Mode 3 x 1 x low,Background,7,2,Position,1,Image 1,0,,,,,,
714.292,32,Whisker - Display Image,Bussey Mouse Operant Mode 3 x 1 x low,Background,7,2,Position,2,Image 1,0,,,,,,
714.292,3,Output On Event,Sound #1,,7,0,,,,,,,,,,
714.292,3,Output On Event,Sound #2,,7,0,,,,,,,,,,
714.292,3,Output On Event,Sound #3,,7,0,,,,,,,,,,
714.292,7,Pulse Output Event,Sound_On #1,,7,1,Duration,0,,,,,,,,
714.292,29,Timer Event,Time_Out_Timer,,7,1,Value,0,,,,,,,,
714.292,21,Group Change Event,Group Change,,7,1,New Group,10,,,,,,,,
714.292,1,Condition Event,TO Houselight On,,10,0,,,,,,,,,,
714.292,3,Output On Event,HouseLight #1,,10,0,,,,,,,,,,
714.292,21,Group Change Event,Group Change,,10,1,New Group,11,,,,,,,,
714.292,1,Condition Event,Sequential Correction Trials,,11,0,,,,,,,,,,
714.292,16,Variable Event,Sequential_Correction_Trials,,11,1,Value,5,,,,,,,,
714.292,16,Variable Event,Increment_this_trial,,11,1,Value,0,,,,,,,,
714.292,21,Group Change Event,Group Change,,11,1,New Group,12,,,,,,,,
714.292,1,Condition Event,Incorrect Trails to Correction Trial,,12,0,,,,,,,,,,
714.292,16,Variable Event,Correction_Counter,,12,1,Value,6,,,,,,,,
714.292,21,Group Change Event,Group Change,,12,1,New Group,18,,,,,,,,
714.292,1,Condition Event,Change ITI time,,18,0,,,,,,,,,,
714.292,16,Variable Event,ITI,,18,1,Value,20,,,,,,,,
714.292,21,Group Change Event,Group Change,,18,1,New Group,13,,,,,,,,
714.41,31,Touch Up Event,Bussey Mouse Operant Mode 3 x 1 x low,,13,4,Position,2,Image 1,0,CoordX,63,CoordY,193,,
714.608,30,Touch Down Event,Bussey Mouse Operant Mode 3 x 1 x low,,13,4,Position,2,Image 1,0,CoordX,31,CoordY,212,,
714.667,31,Touch Up Event,Bussey Mouse Operant Mode 3 x 1 x low,,13,4,Position,2,Image 1,0,CoordX,31,CoordY,212,,
714.707,30,Touch Down Event,Bussey Mouse Operant Mode 3 x 1 x low,,13,4,Position,2,Image 1,0,CoordX,31,CoordY,193,,
714.919,31,Touch Up Event,Bussey Mouse Operant Mode 3 x 1 x low,,13,4,Position,2,Image 1,0,CoordX,49,CoordY,154,,
716.916,30,Touch Down Event,Bussey Mouse Operant Mode 3 x 1 x low,,13,4,Position,0,(NoImageOrVideo),-1,CoordX,730,CoordY,555,,
717.284,31,Touch Up Event,Bussey Mouse Operant Mode 3 x 1 x low,,13,4,Position,3,Image 1,0,CoordX,131,CoordY,174,,
718.102,38,Input Transition On Event,FIRBeam #1,,13,0,,,,,,,,,,
718.547,39,Input Transition Off Event,FIRBeam #1,,13,0,,,,,,,,,,
718.603,30,Touch Down Event,Bussey Mouse Operant Mode 3 x 1 x low,,13,4,Position,2,Image 1,0,CoordX,31,CoordY,80,,
718.8,31,Touch Up Event,Bussey Mouse Operant Mode 3 x 1 x low,,13,4,Position,2,Image 1,0,CoordX,31,CoordY,80,,
718.839,30,Touch Down Event,Bussey Mouse Operant Mode 3 x 1 x low,,13,4,Position,2,Image 1,0,CoordX,31,CoordY,80,,
718.977,31,Touch Up Event,Bussey Mouse Operant Mode 3 x 1 x low,,13,4,Position,2,Image 1,0,CoordX,14,CoordY,99,,
719.292,1,Condition Event,Time Out End,,13,0,,,,,,,,,,
719.292,29,Timer Event,ITI_Timer,,13,1,Value,0,,,,,,,,
719.292,21,Group Change Event,Group Change,,13,1,New Group,14,,,,,,,,
719.292,1,Condition Event,Reset Houselight off,,14,0,,,,,,,,,,
719.292,4,Output Off Event,HouseLight #1,,14,0,,,,,,,,,,
719.292,21,Group Change Event,Group Change,,14,1,New Group,9,,,,,,,,
720.026,30,Touch Down Event,Bussey Mouse Operant Mode 3 x 1 x low,,9,4,Position,2,Image 1,0,CoordX,152,CoordY,115,,
720.026,1,Condition Event,Centre Screen Touches,,9,0,,,,,,,,,,
720.026,16,Variable Event,Centre_Touches_during_ITI,,9,1,Value,17,,,,,,,,
720.026,61,Group Maintain Event,Group Change,,9,1,New Group,9,,,,,,,,
720.45,31,Touch Up Event,Bussey Mouse Operant Mode 3 x 1 x low,,9,4,Position,2,Image 1,0,CoordX,166,CoordY,118,,
720.579,38,Input Transition On Event,FIRBeam #1,,9,0,,,,,,,,,,
721.403,39,Input Transition Off Event,FIRBeam #1,,9,0,,,,,,,,,,
722.169,30,Touch Down Event,Bussey Mouse Operant Mode 3 x 1 x low,,9,4,Position,1,Image 1,0,CoordX,103,CoordY,99,,
722.169,1,Condition Event,Left Screen Touches,,9,0,,,,,,,,,,
722.169,16,Variable Event,Left_Touches_during_ITI,,9,1,Value,36,,,,,,,,
722.169,61,Group Maintain Event,Group Change,,9,1,New Group,9,,,,,,,,
722.768,31,Touch Up Event,Bussey Mouse Operant Mode 3 x 1 x low,,9,4,Position,1,Image 1,0,CoordX,103,CoordY,91,,
723.367,30,Touch Down Event,Bussey Mouse Operant Mode 3 x 1 x low,,9,4,Position,1,Image 1,0,CoordX,138,CoordY,61,,
723.367,1,Condition Event,Left Screen Touches,,9,0,,,,,,,,,,
723.367,16,Variable Event,Left_Touches_during_ITI,,9,1,Value,37,,,,,,,,
723.367,61,Group Maintain Event,Group Change,,9,1,New Group,9,,,,,,,,
723.386,31,Touch Up Event,Bussey Mouse Operant Mode 3 x 1 x low,,9,4,Position,1,Image 1,0,CoordX,138,CoordY,61,,
723.485,30,Touch Down Event,Bussey Mouse Operant Mode 3 x 1 x low,,9,4,Position,1,Image 1,0,CoordX,187,CoordY,118,,
723.485,1,Condition Event,Left Screen Touches,,9,0,,,,,,,,,,
723.485,16,Variable Event,Left_Touches_during_ITI,,9,1,Value,38,,,,,,,,
723.485,61,Group Maintain Event,Group Change,,9,1,New Group,9,,,,,,,,
723.581,31,Touch Up Event,Bussey Mouse Operant Mode 3 x 1 x low,,9,4,Position,1,Image 1,0,CoordX,155,CoordY,118,,
723.814,38,Input Transition On Event,FIRBeam #1,,9,0,,,,,,,,,,
724.115,39,Input Transition Off Event,FIRBeam #1,,9,0,,,,,,,,,,
725.906,38,Input Transition On Event,FIRBeam #1,,9,0,,,,,,,,,,
726.827,39,Input Transition Off Event,FIRBeam #1,,9,0,,,,,,,,,,
726.859,38,Input Transition On Event,FIRBeam #1,,9,0,,,,,,,,,,
729.315,39,Input Transition Off Event,FIRBeam #1,,9,0,,,,,,,,,,
731.182,30,Touch Down Event,Bussey Mouse Operant Mode 3 x 1 x low,,9,4,Position,3,Image 1,0,CoordX,181,CoordY,135,,
731.182,1,Condition Event,Right Screen Touches,,9,0,,,,,,,,,,
731.182,16,Variable Event,Right_touches_during_ITI,,9,1,Value,24,,,,,,,,
731.182,61,Group Maintain Event,Group Change,,9,1,New Group,9,,,,,,,,
731.24,31,Touch Up Event,Bussey Mouse Operant Mode 3 x 1 x low,,9,4,Position,3,Image 1,0,CoordX,181,CoordY,154,,
731.38,30,Touch Down Event,Bussey Mouse Operant Mode 3 x 1 x low,,9,4,Position,3,Image 1,0,CoordX,164,CoordY,154,,
731.381,1,Condition Event,Right Screen Touches,,9,0,,,,,,,,,,
731.381,16,Variable Event,Right_touches_during_ITI,,9,1,Value,25,,,,,,,,
731.381,61,Group Maintain Event,Group Change,,9,1,New Group,9,,,,,,,,
731.577,31,Touch Up Event,Bussey Mouse Operant Mode 3 x 1 x low,,9,4,Position,3,Image 1,0,CoordX,146,CoordY,169,,
731.596,30,Touch Down Event,Bussey Mouse Operant Mode 3 x 1 x low,,9,4,Position,3,Image 1,0,CoordX,131,CoordY,212,,
731.596,31,Touch Up Event,Bussey Mouse Operant Mode 3 x 1 x low,,9,4,Position,3,Image 1,0,CoordX,131,CoordY,212,,
731.597,1,Condition Event,Right Screen Touches,,9,0,,,,,,,,,,
731.597,16,Variable Event,Right_touches_during_ITI,,9,1,Value,26,,,,,,,,
731.597,61,Group Maintain Event,Group Change,,9,1,New Group,9,,,,,,,,
731.675,30,Touch Down Event,Bussey Mouse Operant Mode 3 x 1 x low,,9,4,Position,3,Image 1,0,CoordX,164,CoordY,174,,
731.676,1,Condition Event,Right Screen Touches,,9,0,,,,,,,,,,
731.676,16,Variable Event,Right_touches_during_ITI,,9,1,Value,27,,,,,,,,
731.676,61,Group Maintain Event,Group Change,,9,1,New Group,9,,,,,,,,
731.854,31,Touch Up Event,Bussey Mouse Operant Mode 3 x 1 x low,,9,4,Position,3,Image 1,0,CoordX,181,CoordY,212,,
731.873,30,Touch Down Event,Bussey Mouse Operant Mode 3 x 1 x low,,9,4,Position,3,Image 1,0,CoordX,181,CoordY,153,,
731.874,1,Condition Event,Right Screen Touches,,9,0,,,,,,,,,,
731.874,16,Variable Event,Right_touches_during_ITI,,9,1,Value,28,,,,,,,,
731.874,61,Group Maintain Event,Group Change,,9,1,New Group,9,,,,,,,,
732.008,31,Touch Up Event,Bussey Mouse Operant Mode 3 x 1 x low,,9,4,Position,3,Image 1,0,CoordX,181,CoordY,174,,
732.048,30,Touch Down Event,Bussey Mouse Operant Mode 3 x 1 x low,,9,4,Position,3,Image 1,0,CoordX,164,CoordY,193,,
732.049,1,Condition Event,Right Screen Touches,,9,0,,,,,,,,,,
732.049,16,Variable Event,Right_touches_during_ITI,,9,1,Value,29,,,,,,,,
732.049,61,Group Maintain Event,Group Change,,9,1,New Group,9,,,,,,,,
732.848,31,Touch Up Event,Bussey Mouse Operant Mode 3 x 1 x low,,9,4,Position,0,(NoImageOrVideo),-1,CoordX,677,CoordY,555,,
733.288,30,Touch Down Event,Bussey Mouse Operant Mode 3 x 1 x low,,9,4,Position,0,(NoImageOrVideo),-1,CoordX,662,CoordY,575,,
734.2,38,Input Transition On Event,FIRBeam #1,,9,0,,,,,,,,,,
734.291,31,Touch Up Event,Bussey Mouse Operant Mode 3 x 1 x low,,9,4,Position,0,(NoImageOrVideo),-1,CoordX,662,CoordY,575,,
739.292,1,Condition Event,Next trial,,9,0,,,,,,,,,,
739.292,3,Output On Event,TrayLight #1,,9,0,,,,,,,,,,
739.292,16,Variable Event,First_Trial,,9,1,Value,0,,,,,,,,
739.292,16,Variable Event,First_Analysis,,9,1,Value,1,,,,,,,,
739.292,16,Variable Event,ITI,,9,1,Value,20,,,,,,,,
739.292,21,Group Change Event,Group Change,,9,1,New Group,15,,,,,,,,
739.292,1,Condition Event,Start Correction Trial,,15,0,,,,,,,,,,
739.292,16,Variable Event,Correction_Trial,,15,1,Value,1,,,,,,,,
739.292,21,Group Change Event,Group Change,,15,1,New Group,16,,,,,,,,
739.355,39,Input Transition Off Event,FIRBeam #1,,16,0,,,,,,,,,,
739.642,38,Input Transition On Event,FIRBeam #1,,16,0,,,,,,,,,,
744.481,39,Input Transition Off Event,FIRBeam #1,,16,0,,,,,,,,,,
746.099,38,Input Transition On Event,BIRBeam #1,,16,0,,,,,,,,,,
746.808,39,Input Transition Off Event,BIRBeam #1,,16,0,,,,,,,,,,
747.923,38,Input Transition On Event,FIRBeam #1,,16,0,,,,,,,,,,
749.561,39,Input Transition Off Event,FIRBeam #1,,16,0,,,,,,,,,,
749.845,38,Input Transition On Event,BIRBeam #1,,16,0,,,,,,,,,,
750.316,39,Input Transition Off Event,BIRBeam #1,,16,0,,,,,,,,,,
750.709,38,Input Transition On Event,BIRBeam #1,,16,0,,,,,,,,,,
750.795,39,Input Transition Off Event,BIRBeam #1,,16,0,,,,,,,,,,
754.403,38,Input Transition On Event,BIRBeam #1,,16,0,,,,,,,,,,
757.494,39,Input Transition Off Event,BIRBeam #1,,16,0,,,,,,,,,,
759.684,38,Input Transition On Event,BIRBeam #1,,16,0,,,,,,,,,,
775.929,38,Input Transition On Event,Tray #1,,16,0,,,,,,,,,,
775.929,1,Condition Event,Tray Entry Noted,,16,0,,,,,,,,,,
775.929,4,Output Off Event,TrayLight #1,,16,0,,,,,,,,,,
775.929,4,Output Off Event,Sound #1,,16,0,,,,,,,,,,
775.929,4,Output Off Event,Sound #2,,16,0,,,,,,,,,,
775.929,4,Output Off Event,Sound #3,,16,0,,,,,,,,,,
775.929,7,Pulse Output Event,Sound_On #1,,16,1,Duration,0,,,,,,,,
775.929,21,Group Change Event,Group Change,,16,1,New Group,17,,,,,,,,
777.614,39,Input Transition Off Event,Tray #1,,17,0,,,,,,,,,,
777.614,1,Condition Event,Tray Exit Starts Correction Trial,,17,0,,,,,,,,,,
777.614,16,Variable Event,Total_No_Correction_Trials,,17,1,Value,15,,,,,,,,
777.614,21,Group Change Event,Group Change,,17,1,New Group,6,,,,,,,,
777.614,1,Condition Event,Display Images,,6,0,,,,,,,,,,
777.614,32,Whisker - Display Image,Bussey Mouse Operant Mode 3 x 1 x low,Images,6,2,Position,1,Image 1,0,,,,,,
777.614,32,Whisker - Display Image,Bussey Mouse Operant Mode 3 x 1 x low,Images,6,2,Position,2,Image 3,2,,,,,,
777.614,21,Group Change Event,Group Change,,6,1,New Group,7,,,,,,,,
778.662,39,Input Transition Off Event,BIRBeam #1,,7,0,,,,,,,,,,
778.881,38,Input Transition On Event,FIRBeam #1,,7,0,,,,,,,,,,
779.647,30,Touch Down Event,Bussey Mouse Operant Mode 3 x 1 x low,,7,4,Position,2,Image 3,2,CoordX,63,CoordY,212,,
779.648,1,Condition Event,Incorrect,,7,0,,,,,,,,,,
779.648,32,Whisker - Display Image,Bussey Mouse Operant Mode 3 x 1 x low,Background,7,2,Position,1,Image 1,0,,,,,,
779.648,32,Whisker - Display Image,Bussey Mouse Operant Mode 3 x 1 x low,Background,7,2,Position,2,Image 1,0,,,,,,
779.648,3,Output On Event,Sound #1,,7,0,,,,,,,,,,
779.648,3,Output On Event,Sound #2,,7,0,,,,,,,,,,
779.648,3,Output On Event,Sound #3,,7,0,,,,,,,,,,
779.648,7,Pulse Output Event,Sound_On #1,,7,1,Duration,0,,,,,,,,
779.648,29,Timer Event,Time_Out_Timer,,7,1,Value,0,,,,,,,,
779.648,21,Group Change Event,Group Change,,7,1,New Group,10,,,,,,,,
779.648,1,Condition Event,TO Houselight On,,10,0,,,,,,,,,,
779.648,3,Output On Event,HouseLight #1,,10,0,,,,,,,,,,
779.648,21,Group Change Event,Group Change,,10,1,New Group,11,,,,,,,,
779.648,1,Condition Event,Sequential Correction Trials,,11,0,,,,,,,,,,
779.648,16,Variable Event,Sequential_Correction_Trials,,11,1,Value,6,,,,,,,,
779.648,16,Variable Event,Increment_this_trial,,11,1,Value,0,,,,,,,,
779.648,21,Group Change Event,Group Change,,11,1,New Group,12,,,,,,,,
779.648,1,Condition Event,Incorrect Trails to Correction Trial,,12,0,,,,,,,,,,
779.648,16,Variable Event,Correction_Counter,,12,1,Value,7,,,,,,,,
779.648,21,Group Change Event,Group Change,,12,1,New Group,18,,,,,,,,
779.648,1,Condition Event,Change ITI time,,18,0,,,,,,,,,,
779.648,16,Variable Event,ITI,,18,1,Value,20,,,,,,,,
779.648,21,Group Change Event,Group Change,,18,1,New Group,13,,,,,,,,
779.67,39,Input Transition Off Event,FIRBeam #1,,13,0,,,,,,,,,,
779.862,31,Touch Up Event,Bussey Mouse Operant Mode 3 x 1 x low,,13,4,Position,2,Image 1,0,CoordX,49,CoordY,193,,
784.648,1,Condition Event,Time Out End,,13,0,,,,,,,,,,
784.648,29,Timer Event,ITI_Timer,,13,1,Value,0,,,,,,,,
784.648,21,Group Change Event,Group Change,,13,1,New Group,14,,,,,,,,
784.648,1,Condition Event,Reset Houselight off,,14,0,,,,,,,,,,
784.648,4,Output Off Event,HouseLight #1,,14,0,,,,,,,,,,
784.648,21,Group Change Event,Group Change,,14,1,New Group,9,,,,,,,,
787.454,38,Input Transition On Event,FIRBeam #1,,9,0,,,,,,,,,,
787.601,39,Input Transition Off Event,FIRBeam #1,,9,0,,,,,,,,,,
787.98,38,Input Transition On Event,FIRBeam #1,,9,0,,,,,,,,,,
788.397,39,Input Transition Off Event,FIRBeam #1,,9,0,,,,,,,,,,
788.528,38,Input Transition On Event,BIRBeam #1,,9,0,,,,,,,,,,
789.398,38,Input Transition On Event,Tray #1,,9,0,,,,,,,,,,
789.474,39,Input Transition Off Event,Tray #1,,9,0,,,,,,,,,,
789.67,38,Input Transition On Event,Tray #1,,9,0,,,,,,,,,,
789.914,39,Input Transition Off Event,Tray #1,,9,0,,,,,,,,,,
804.648,1,Condition Event,Next trial,,9,0,,,,,,,,,,
804.648,3,Output On Event,TrayLight #1,,9,0,,,,,,,,,,
804.648,16,Variable Event,First_Trial,,9,1,Value,0,,,,,,,,
804.648,16,Variable Event,First_Analysis,,9,1,Value,1,,,,,,,,
804.648,16,Variable Event,ITI,,9,1,Value,20,,,,,,,,
804.648,21,Group Change Event,Group Change,,9,1,New Group,15,,,,,,,,
804.648,1,Condition Event,Start Correction Trial,,15,0,,,,,,,,,,
804.648,16,Variable Event,Correction_Trial,,15,1,Value,1,,,,,,,,
804.648,21,Group Change Event,Group Change,,15,1,New Group,16,,,,,,,,
809.298,39,Input Transition Off Event,BIRBeam #1,,16,0,,,,,,,,,,
811.108,38,Input Transition On Event,BIRBeam #1,,16,0,,,,,,,,,,
811.783,38,Input Transition On Event,Tray #1,,16,0,,,,,,,,,,
811.783,1,Condition Event,Tray Entry Noted,,16,0,,,,,,,,,,
811.783,4,Output Off Event,TrayLight #1,,16,0,,,,,,,,,,
811.783,4,Output Off Event,Sound #1,,16,0,,,,,,,,,,
811.783,4,Output Off Event,Sound #2,,16,0,,,,,,,,,,
811.783,4,Output Off Event,Sound #3,,16,0,,,,,,,,,,
811.783,7,Pulse Output Event,Sound_On #1,,16,1,Duration,0,,,,,,,,
811.783,21,Group Change Event,Group Change,,16,1,New Group,17,,,,,,,,
812.144,39,Input Transition Off Event,Tray #1,,17,0,,,,,,,,,,
812.144,1,Condition Event,Tray Exit Starts Correction Trial,,17,0,,,,,,,,,,
812.144,16,Variable Event,Total_No_Correction_Trials,,17,1,Value,16,,,,,,,,
812.144,21,Group Change Event,Group Change,,17,1,New Group,6,,,,,,,,
812.144,1,Condition Event,Display Images,,6,0,,,,,,,,,,
812.144,32,Whisker - Display Image,Bussey Mouse Operant Mode 3 x 1 x low,Images,6,2,Position,1,Image 1,0,,,,,,
812.144,32,Whisker - Display Image,Bussey Mouse Operant Mode 3 x 1 x low,Images,6,2,Position,2,Image 3,2,,,,,,
812.144,21,Group Change Event,Group Change,,6,1,New Group,7,,,,,,,,
813.517,39,Input Transition Off Event,BIRBeam #1,,7,0,,,,,,,,,,
813.696,38,Input Transition On Event,FIRBeam #1,,7,0,,,,,,,,,,
814.545,39,Input Transition Off Event,FIRBeam #1,,7,0,,,,,,,,,,
814.62,30,Touch Down Event,Bussey Mouse Operant Mode 3 x 1 x low,,7,4,Position,2,Image 3,2,CoordX,99,CoordY,212,,
814.62,1,Condition Event,Incorrect,,7,0,,,,,,,,,,
814.62,32,Whisker - Display Image,Bussey Mouse Operant Mode 3 x 1 x low,Background,7,2,Position,1,Image 1,0,,,,,,
814.62,32,Whisker - Display Image,Bussey Mouse Operant Mode 3 x 1 x low,Background,7,2,Position,2,Image 1,0,,,,,,
814.62,3,Output On Event,Sound #1,,7,0,,,,,,,,,,
814.62,3,Output On Event,Sound #2,,7,0,,,,,,,,,,
814.62,3,Output On Event,Sound #3,,7,0,,,,,,,,,,
814.62,7,Pulse Output Event,Sound_On #1,,7,1,Duration,0,,,,,,,,
814.62,29,Timer Event,Time_Out_Timer,,7,1,Value,0,,,,,,,,
814.62,21,Group Change Event,Group Change,,7,1,New Group,10,,,,,,,,
814.62,1,Condition Event,TO Houselight On,,10,0,,,,,,,,,,
814.62,3,Output On Event,HouseLight #1,,10,0,,,,,,,,,,
814.62,21,Group Change Event,Group Change,,10,1,New Group,11,,,,,,,,
814.62,1,Condition Event,Sequential Correction Trials,,11,0,,,,,,,,,,
814.62,16,Variable Event,Sequential_Correction_Trials,,11,1,Value,7,,,,,,,,
814.62,16,Variable Event,Increment_this_trial,,11,1,Value,0,,,,,,,,
814.62,21,Group Change Event,Group Change,,11,1,New Group,12,,,,,,,,
814.62,1,Condition Event,Incorrect Trails to Correction Trial,,12,0,,,,,,,,,,
814.62,16,Variable Event,Correction_Counter,,12,1,Value,8,,,,,,,,
814.62,21,Group Change Event,Group Change,,12,1,New Group,18,,,,,,,,
814.62,1,Condition Event,Change ITI time,,18,0,,,,,,,,,,
814.62,16,Variable Event,ITI,,18,1,Value,20,,,,,,,,
814.62,21,Group Change Event,Group Change,,18,1,New Group,13,,,,,,,,
814.659,31,Touch Up Event,Bussey Mouse Operant Mode 3 x 1 x low,,13,4,Position,2,Image 1,0,CoordX,99,CoordY,212,,
814.699,30,Touch Down Event,Bussey Mouse Operant Mode 3 x 1 x low,,13,4,Position,2,Image 1,0,CoordX,81,CoordY,212,,
814.739,31,Touch Up Event,Bussey Mouse Operant Mode 3 x 1 x low,,13,4,Position,2,Image 1,0,CoordX,81,CoordY,212,,
815.731,38,Input Transition On Event,FIRBeam #1,,13,0,,,,,,,,,,
818.362,39,Input Transition Off Event,FIRBeam #1,,13,0,,,,,,,,,,
818.497,38,Input Transition On Event,FIRBeam #1,,13,0,,,,,,,,,,
819.605,39,Input Transition Off Event,FIRBeam #1,,13,0,,,,,,,,,,
819.62,1,Condition Event,Time Out End,,13,0,,,,,,,,,,
819.62,29,Timer Event,ITI_Timer,,13,1,Value,0,,,,,,,,
819.62,21,Group Change Event,Group Change,,13,1,New Group,14,,,,,,,,
819.62,1,Condition Event,Reset Houselight off,,14,0,,,,,,,,,,
819.62,4,Output Off Event,HouseLight #1,,14,0,,,,,,,,,,
819.62,21,Group Change Event,Group Change,,14,1,New Group,9,,,,,,,,
820.979,38,Input Transition On Event,FIRBeam #1,,9,0,,,,,,,,,,
821.35,39,Input Transition Off Event,FIRBeam #1,,9,0,,,,,,,,,,
822.299,38,Input Transition On Event,BIRBeam #1,,9,0,,,,,,,,,,
839.62,1,Condition Event,Next trial,,9,0,,,,,,,,,,
839.62,3,Output On Event,TrayLight #1,,9,0,,,,,,,,,,
839.62,16,Variable Event,First_Trial,,9,1,Value,0,,,,,,,,
839.62,16,Variable Event,First_Analysis,,9,1,Value,1,,,,,,,,
839.62,16,Variable Event,ITI,,9,1,Value,20,,,,,,,,
839.62,21,Group Change Event,Group Change,,9,1,New Group,15,,,,,,,,
839.62,1,Condition Event,Start Correction Trial,,15,0,,,,,,,,,,
839.62,16,Variable Event,Correction_Trial,,15,1,Value,1,,,,,,,,
839.62,21,Group Change Event,Group Change,,15,1,New Group,16,,,,,,,,
839.908,38,Input Transition On Event,Tray #1,,16,0,,,,,,,,,,
839.908,1,Condition Event,Tray Entry Noted,,16,0,,,,,,,,,,
839.908,4,Output Off Event,TrayLight #1,,16,0,,,,,,,,,,
839.908,4,Output Off Event,Sound #1,,16,0,,,,,,,,,,
839.908,4,Output Off Event,Sound #2,,16,0,,,,,,,,,,
839.908,4,Output Off Event,Sound #3,,16,0,,,,,,,,,,
839.908,7,Pulse Output Event,Sound_On #1,,16,1,Duration,0,,,,,,,,
839.908,21,Group Change Event,Group Change,,16,1,New Group,17,,,,,,,,
840.225,39,Input Transition Off Event,Tray #1,,17,0,,,,,,,,,,
840.225,1,Condition Event,Tray Exit Starts Correction Trial,,17,0,,,,,,,,,,
840.225,16,Variable Event,Total_No_Correction_Trials,,17,1,Value,17,,,,,,,,
840.225,21,Group Change Event,Group Change,,17,1,New Group,6,,,,,,,,
840.225,1,Condition Event,Display Images,,6,0,,,,,,,,,,
840.225,32,Whisker - Display Image,Bussey Mouse Operant Mode 3 x 1 x low,Images,6,2,Position,1,Image 1,0,,,,,,
840.225,32,Whisker - Display Image,Bussey Mouse Operant Mode 3 x 1 x low,Images,6,2,Position,2,Image 3,2,,,,,,
840.225,21,Group Change Event,Group Change,,6,1,New Group,7,,,,,,,,
840.675,39,Input Transition Off Event,BIRBeam #1,,7,0,,,,,,,,,,
841.485,38,Input Transition On Event,FIRBeam #1,,7,0,,,,,,,,,,
842.133,39,Input Transition Off Event,FIRBeam #1,,7,0,,,,,,,,,,
842.33,30,Touch Down Event,Bussey Mouse Operant Mode 3 x 1 x low,,7,4,Position,2,Image 3,2,CoordX,81,CoordY,193,,
842.33,1,Condition Event,Incorrect,,7,0,,,,,,,,,,
842.33,32,Whisker - Display Image,Bussey Mouse Operant Mode 3 x 1 x low,Background,7,2,Position,1,Image 1,0,,,,,,
842.33,32,Whisker - Display Image,Bussey Mouse Operant Mode 3 x 1 x low,Background,7,2,Position,2,Image 1,0,,,,,,
842.33,3,Output On Event,Sound #1,,7,0,,,,,,,,,,
842.33,3,Output On Event,Sound #2,,7,0,,,,,,,,,,
842.33,3,Output On Event,Sound #3,,7,0,,,,,,,,,,
842.33,7,Pulse Output Event,Sound_On #1,,7,1,Duration,0,,,,,,,,
842.33,29,Timer Event,Time_Out_Timer,,7,1,Value,0,,,,,,,,
842.33,21,Group Change Event,Group Change,,7,1,New Group,10,,,,,,,,
842.33,1,Condition Event,TO Houselight On,,10,0,,,,,,,,,,
842.33,3,Output On Event,HouseLight #1,,10,0,,,,,,,,,,
842.33,21,Group Change Event,Group Change,,10,1,New Group,11,,,,,,,,
842.331,1,Condition Event,Sequential Correction Trials,,11,0,,,,,,,,,,
842.331,16,Variable Event,Sequential_Correction_Trials,,11,1,Value,8,,,,,,,,
842.331,16,Variable Event,Increment_this_trial,,11,1,Value,0,,,,,,,,
842.331,21,Group Change Event,Group Change,,11,1,New Group,12,,,,,,,,
842.331,1,Condition Event,Incorrect Trails to Correction Trial,,12,0,,,,,,,,,,
842.331,16,Variable Event,Correction_Counter,,12,1,Value,9,,,,,,,,
842.331,21,Group Change Event,Group Change,,12,1,New Group,18,,,,,,,,
842.331,1,Condition Event,Change ITI time,,18,0,,,,,,,,,,
842.331,16,Variable Event,ITI,,18,1,Value,20,,,,,,,,
842.331,21,Group Change Event,Group Change,,18,1,New Group,13,,,,,,,,
842.408,31,Touch Up Event,Bussey Mouse Operant Mode 3 x 1 x low,,13,4,Position,2,Image 1,0,CoordX,81,CoordY,193,,
845.187,38,Input Transition On Event,FIRBeam #1,,13,0,,,,,,,,,,
845.634,39,Input Transition Off Event,FIRBeam #1,,13,0,,,,,,,,,,
847.33,1,Condition Event,Time Out End,,13,0,,,,,,,,,,
847.33,29,Timer Event,ITI_Timer,,13,1,Value,0,,,,,,,,
847.33,21,Group Change Event,Group Change,,13,1,New Group,14,,,,,,,,
847.33,1,Condition Event,Reset Houselight off,,14,0,,,,,,,,,,
847.33,4,Output Off Event,HouseLight #1,,14,0,,,,,,,,,,
847.33,21,Group Change Event,Group Change,,14,1,New Group,9,,,,,,,,
847.675,38,Input Transition On Event,FIRBeam #1,,9,0,,,,,,,,,,
848.384,39,Input Transition Off Event,FIRBeam #1,,9,0,,,,,,,,,,
850.06,38,Input Transition On Event,FIRBeam #1,,9,0,,,,,,,,,,
855.326,39,Input Transition Off Event,FIRBeam #1,,9,0,,,,,,,,,,
863.914,30,Touch Down Event,Bussey Mouse Operant Mode 3 x 1 x low,,9,4,Position,0,(NoImageOrVideo),-1,CoordX,79,CoordY,555,,
864.419,31,Touch Up Event,Bussey Mouse Operant Mode 3 x 1 x low,,9,4,Position,1,Image 1,0,CoordX,53,CoordY,135,,
864.499,30,Touch Down Event,Bussey Mouse Operant Mode 3 x 1 x low,,9,4,Position,1,Image 1,0,CoordX,18,CoordY,212,,
864.499,1,Condition Event,Left Screen Touches,,9,0,,,,,,,,,,
864.499,16,Variable Event,Left_Touches_during_ITI,,9,1,Value,39,,,,,,,,
864.499,61,Group Maintain Event,Group Change,,9,1,New Group,9,,,,,,,,
865.33,31,Touch Up Event,Bussey Mouse Operant Mode 3 x 1 x low,,9,4,Position,1,Image 1,0,CoordX,53,CoordY,222,,
866.738,38,Input Transition On Event,FIRBeam #1,,9,0,,,,,,,,,,
867.33,1,Condition Event,Next trial,,9,0,,,,,,,,,,
867.33,3,Output On Event,TrayLight #1,,9,0,,,,,,,,,,
867.33,16,Variable Event,First_Trial,,9,1,Value,0,,,,,,,,
867.33,16,Variable Event,First_Analysis,,9,1,Value,1,,,,,,,,
867.33,16,Variable Event,ITI,,9,1,Value,20,,,,,,,,
867.33,21,Group Change Event,Group Change,,9,1,New Group,15,,,,,,,,
867.33,1,Condition Event,Start Correction Trial,,15,0,,,,,,,,,,
867.33,16,Variable Event,Correction_Trial,,15,1,Value,1,,,,,,,,
867.33,21,Group Change Event,Group Change,,15,1,New Group,16,,,,,,,,
867.911,39,Input Transition Off Event,FIRBeam #1,,16,0,,,,,,,,,,
868.08,38,Input Transition On Event,BIRBeam #1,,16,0,,,,,,,,,,
868.927,39,Input Transition Off Event,BIRBeam #1,,16,0,,,,,,,,,,
871.458,38,Input Transition On Event,FIRBeam #1,,16,0,,,,,,,,,,
871.906,39,Input Transition Off Event,FIRBeam #1,,16,0,,,,,,,,,,
872.279,38,Input Transition On Event,FIRBeam #1,,16,0,,,,,,,,,,
872.569,39,Input Transition Off Event,FIRBeam #1,,16,0,,,,,,,,,,
872.718,38,Input Transition On Event,BIRBeam #1,,16,0,,,,,,,,,,
873.8,39,Input Transition Off Event,BIRBeam #1,,16,0,,,,,,,,,,
876.136,38,Input Transition On Event,FIRBeam #1,,16,0,,,,,,,,,,
876.509,39,Input Transition Off Event,FIRBeam #1,,16,0,,,,,,,,,,
877.054,38,Input Transition On Event,FIRBeam #1,,16,0,,,,,,,,,,
882.448,39,Input Transition Off Event,FIRBeam #1,,16,0,,,,,,,,,,
882.76,38,Input Transition On Event,BIRBeam #1,,16,0,,,,,,,,,,
884.275,39,Input Transition Off Event,BIRBeam #1,,16,0,,,,,,,,,,
885.306,38,Input Transition On Event,FIRBeam #1,,16,0,,,,,,,,,,
886.093,39,Input Transition Off Event,FIRBeam #1,,16,0,,,,,,,,,,
886.615,38,Input Transition On Event,FIRBeam #1,,16,0,,,,,,,,,,
887.493,39,Input Transition Off Event,FIRBeam #1,,16,0,,,,,,,,,,
889.112,38,Input Transition On Event,FIRBeam #1,,16,0,,,,,,,,,,
889.643,39,Input Transition Off Event,FIRBeam #1,,16,0,,,,,,,,,,
889.846,38,Input Transition On Event,BIRBeam #1,,16,0,,,,,,,,,,
891.074,39,Input Transition Off Event,BIRBeam #1,,16,0,,,,,,,,,,
891.493,38,Input Transition On Event,BIRBeam #1,,16,0,,,,,,,,,,
892.271,39,Input Transition Off Event,BIRBeam #1,,16,0,,,,,,,,,,
892.576,38,Input Transition On Event,FIRBeam #1,,16,0,,,,,,,,,,
893.517,39,Input Transition Off Event,FIRBeam #1,,16,0,,,,,,,,,,
893.64,38,Input Transition On Event,BIRBeam #1,,16,0,,,,,,,,,,
894.169,38,Input Transition On Event,Tray #1,,16,0,,,,,,,,,,
894.169,1,Condition Event,Tray Entry Noted,,16,0,,,,,,,,,,
894.169,4,Output Off Event,TrayLight #1,,16,0,,,,,,,,,,
894.169,4,Output Off Event,Sound #1,,16,0,,,,,,,,,,
894.169,4,Output Off Event,Sound #2,,16,0,,,,,,,,,,
894.169,4,Output Off Event,Sound #3,,16,0,,,,,,,,,,
894.169,7,Pulse Output Event,Sound_On #1,,16,1,Duration,0,,,,,,,,
894.169,21,Group Change Event,Group Change,,16,1,New Group,17,,,,,,,,
894.271,39,Input Transition Off Event,Tray #1,,17,0,,,,,,,,,,
894.271,1,Condition Event,Tray Exit Starts Correction Trial,,17,0,,,,,,,,,,
894.271,16,Variable Event,Total_No_Correction_Trials,,17,1,Value,18,,,,,,,,
894.271,21,Group Change Event,Group Change,,17,1,New Group,6,,,,,,,,
894.271,1,Condition Event,Display Images,,6,0,,,,,,,,,,
894.271,32,Whisker - Display Image,Bussey Mouse Operant Mode 3 x 1 x low,Images,6,2,Position,1,Image 1,0,,,,,,
894.271,32,Whisker - Display Image,Bussey Mouse Operant Mode 3 x 1 x low,Images,6,2,Position,2,Image 3,2,,,,,,
894.271,21,Group Change Event,Group Change,,6,1,New Group,7,,,,,,,,
894.802,39,Input Transition Off Event,BIRBeam #1,,7,0,,,,,,,,,,
895.589,38,Input Transition On Event,FIRBeam #1,,7,0,,,,,,,,,,
896.232,39,Input Transition Off Event,FIRBeam #1,,7,0,,,,,,,,,,
897.634,30,Touch Down Event,Bussey Mouse Operant Mode 3 x 1 x low,,7,4,Position,1,Image 1,0,CoordX,138,CoordY,202,,
897.635,1,Condition Event,Correct,,7,0,,,,,,,,,,
897.635,32,Whisker - Display Image,Bussey Mouse Operant Mode 3 x 1 x low,Background,7,2,Position,1,Image 1,0,,,,,,
897.635,32,Whisker - Display Image,Bussey Mouse Operant Mode 3 x 1 x low,Background,7,2,Position,2,Image 1,0,,,,,,
897.635,7,Pulse Output Event,Feeder #1,,7,1,Duration,0.28,,,,,,,,
897.635,3,Output On Event,TrayLight #1,,7,0,,,,,,,,,,
897.635,16,Variable Event,Correction_Counter,,7,1,Value,0,,,,,,,,
897.635,21,Group Change Event,Group Change,,7,1,New Group,19,,,,,,,,
897.635,1,Condition Event,Reset Sound Levels to Zero,,19,0,,,,,,,,,,
897.635,4,Output Off Event,Sound #1,,19,0,,,,,,,,,,
897.635,4,Output Off Event,Sound #2,,19,0,,,,,,,,,,
897.635,4,Output Off Event,Sound #3,,19,0,,,,,,,,,,
897.635,21,Group Change Event,Group Change,,19,1,New Group,20,,,,,,,,
897.635,1,Condition Event,Adjust Sound Level 2,,20,0,,,,,,,,,,
897.635,3,Output On Event,Sound #2,,20,0,,,,,,,,,,
897.635,1,Condition Event,NoTone Fall Through,,20,0,,,,,,,,,,
897.635,21,Group Change Event,Group Change,,20,1,New Group,21,,,,,,,,
897.635,1,Condition Event,Play Tone,,21,0,,,,,,,,,,
897.635,7,Pulse Output Event,Sound_On #1,,21,1,Duration,1,,,,,,,,
897.635,21,Group Change Event,Group Change,,21,1,New Group,8,,,,,,,,
897.635,1,Condition Event,Reset Correction Flag,,8,0,,,,,,,,,,
897.635,16,Variable Event,Sequential_Correction_Trials,,8,1,Value,0,,,,,,,,
897.635,16,Variable Event,Correction_Trial_Correct_Counter,,8,1,Value,3,,,,,,,,
897.635,16,Variable Event,First_Analysis,,8,1,Value,0,,,,,,,,
897.635,61,Group Maintain Event,Group Change,,8,1,New Group,8,,,,,,,,
897.711,31,Touch Up Event,Bussey Mouse Operant Mode 3 x 1 x low,,8,4,Position,1,Image 1,0,CoordX,127,CoordY,198,,
897.98,38,Input Transition On Event,FIRBeam #1,,8,0,,,,,,,,,,
898.33,39,Input Transition Off Event,FIRBeam #1,,8,0,,,,,,,,,,
898.507,38,Input Transition On Event,BIRBeam #1,,8,0,,,,,,,,,,
898.781,38,Input Transition On Event,Tray #1,,8,0,,,,,,,,,,
898.781,1,Condition Event,Reward Collected Start ITI,,8,0,,,,,,,,,,
898.781,4,Output Off Event,TrayLight #1,,8,0,,,,,,,,,,
898.781,29,Timer Event,ITI_Timer,,8,1,Value,0,,,,,,,,
898.781,21,Group Change Event,Group Change,,8,1,New Group,9,,,,,,,,
902.26,39,Input Transition Off Event,Tray #1,,9,0,,,,,,,,,,
904.089,39,Input Transition Off Event,BIRBeam #1,,9,0,,,,,,,,,,
904.178,38,Input Transition On Event,BIRBeam #1,,9,0,,,,,,,,,,
904.316,39,Input Transition Off Event,BIRBeam #1,,9,0,,,,,,,,,,
904.936,38,Input Transition On Event,FIRBeam #1,,9,0,,,,,,,,,,
908.835,39,Input Transition Off Event,FIRBeam #1,,9,0,,,,,,,,,,
909.495,38,Input Transition On Event,FIRBeam #1,,9,0,,,,,,,,,,
911.205,39,Input Transition Off Event,FIRBeam #1,,9,0,,,,,,,,,,
914.608,38,Input Transition On Event,BIRBeam #1,,9,0,,,,,,,,,,
916.523,39,Input Transition Off Event,BIRBeam #1,,9,0,,,,,,,,,,
916.634,38,Input Transition On Event,BIRBeam #1,,9,0,,,,,,,,,,
916.795,39,Input Transition Off Event,BIRBeam #1,,9,0,,,,,,,,,,
917.215,38,Input Transition On Event,FIRBeam #1,,9,0,,,,,,,,,,
917.634,39,Input Transition Off Event,FIRBeam #1,,9,0,,,,,,,,,,
918.607,38,Input Transition On Event,FIRBeam #1,,9,0,,,,,,,,,,
918.716,39,Input Transition Off Event,FIRBeam #1,,9,0,,,,,,,,,,
918.781,1,Condition Event,Next trial,,9,0,,,,,,,,,,
918.781,3,Output On Event,TrayLight #1,,9,0,,,,,,,,,,
918.781,16,Variable Event,First_Trial,,9,1,Value,0,,,,,,,,
918.781,16,Variable Event,First_Analysis,,9,1,Value,1,,,,,,,,
918.781,16,Variable Event,ITI,,9,1,Value,20,,,,,,,,
918.781,21,Group Change Event,Group Change,,9,1,New Group,15,,,,,,,,
918.782,1,Condition Event,Next trial non corrected Trial,,15,0,,,,,,,,,,
918.782,19,List Change - Next Value,Trial_Type,,15,2,Index,14,Value,3,,,,,,
918.782,21,Group Change Event,Group Change,,15,1,New Group,3,,,,,,,,
919.008,38,Input Transition On Event,FIRBeam #1,,3,0,,,,,,,,,,
920.214,39,Input Transition Off Event,FIRBeam #1,,3,0,,,,,,,,,,
920.455,38,Input Transition On Event,FIRBeam #1,,3,0,,,,,,,,,,
920.676,39,Input Transition Off Event,FIRBeam #1,,3,0,,,,,,,,,,
920.856,38,Input Transition On Event,BIRBeam #1,,3,0,,,,,,,,,,
921.456,38,Input Transition On Event,Tray #1,,3,0,,,,,,,,,,
921.456,1,Condition Event,Tray Entry no Increment Trial,,3,0,,,,,,,,,,
921.456,4,Output Off Event,TrayLight #1,,3,0,,,,,,,,,,
921.456,4,Output Off Event,Sound #1,,3,0,,,,,,,,,,
921.456,4,Output Off Event,Sound #2,,3,0,,,,,,,,,,
921.456,4,Output Off Event,Sound #3,,3,0,,,,,,,,,,
921.456,7,Pulse Output Event,Sound_On #1,,3,1,Duration,0,,,,,,,,
921.456,16,Variable Event,Correction_Trial,,3,1,Value,0,,,,,,,,
921.456,21,Group Change Event,Group Change,,3,1,New Group,4,,,,,,,,
922.002,39,Input Transition Off Event,Tray #1,,4,0,,,,,,,,,,
922.002,1,Condition Event,Start Trial,,4,0,,,,,,,,,,
922.002,16,Variable Event,Trial,,4,1,Value,3,,,,,,,,
922.002,21,Group Change Event,Group Change,,4,1,New Group,5,,,,,,,,
922.002,1,Condition Event,Set for Trial 3,,5,0,,,,,,,,,,
922.002,16,Variable Event,Correct_Grid_Position,,5,1,Value,2,,,,,,,,
922.002,16,Variable Event,Correct_Image,,5,1,Value,2,,,,,,,,
922.002,16,Variable Event,Incorrect_Grid_Position,,5,1,Value,1,,,,,,,,
922.002,16,Variable Event,Incorrect_Image,,5,1,Value,3,,,,,,,,
922.002,21,Group Change Event,Group Change,,5,1,New Group,6,,,,,,,,
922.003,1,Condition Event,Display Images,,6,0,,,,,,,,,,
922.003,32,Whisker - Display Image,Bussey Mouse Operant Mode 3 x 1 x low,Images,6,2,Position,2,Image 2,1,,,,,,
922.003,32,Whisker - Display Image,Bussey Mouse Operant Mode 3 x 1 x low,Images,6,2,Position,1,Image 3,2,,,,,,
922.003,21,Group Change Event,Group Change,,6,1,New Group,7,,,,,,,,
922.412,39,Input Transition Off Event,BIRBeam #1,,7,0,,,,,,,,,,
922.719,38,Input Transition On Event,FIRBeam #1,,7,0,,,,,,,,,,
923.239,39,Input Transition Off Event,FIRBeam #1,,7,0,,,,,,,,,,
923.336,30,Touch Down Event,Bussey Mouse Operant Mode 3 x 1 x low,,7,4,Position,1,Image 3,2,CoordX,103,CoordY,212,,
923.337,1,Condition Event,Incorrect,,7,0,,,,,,,,,,
923.337,32,Whisker - Display Image,Bussey Mouse Operant Mode 3 x 1 x low,Background,7,2,Position,2,Image 1,0,,,,,,
923.337,32,Whisker - Display Image,Bussey Mouse Operant Mode 3 x 1 x low,Background,7,2,Position,1,Image 1,0,,,,,,
923.337,3,Output On Event,Sound #1,,7,0,,,,,,,,,,
923.337,3,Output On Event,Sound #2,,7,0,,,,,,,,,,
923.337,3,Output On Event,Sound #3,,7,0,,,,,,,,,,
923.337,7,Pulse Output Event,Sound_On #1,,7,1,Duration,0,,,,,,,,
923.337,29,Timer Event,Time_Out_Timer,,7,1,Value,0,,,,,,,,
923.337,21,Group Change Event,Group Change,,7,1,New Group,10,,,,,,,,
923.337,1,Condition Event,TO Houselight On,,10,0,,,,,,,,,,
923.337,3,Output On Event,HouseLight #1,,10,0,,,,,,,,,,
923.337,21,Group Change Event,Group Change,,10,1,New Group,11,,,,,,,,
923.337,1,Condition Event,Not correcting,,11,0,,,,,,,,,,
923.337,16,Variable Event,Increment_this_trial,,11,1,Value,1,,,,,,,,
923.337,21,Group Change Event,Group Change,,11,1,New Group,12,,,,,,,,
923.337,1,Condition Event,Incorrect Trails to Correction Trial,,12,0,,,,,,,,,,
923.337,16,Variable Event,Correction_Counter,,12,1,Value,1,,,,,,,,
923.337,21,Group Change Event,Group Change,,12,1,New Group,18,,,,,,,,
923.337,1,Condition Event,Change ITI time,,18,0,,,,,,,,,,
923.337,16,Variable Event,ITI,,18,1,Value,20,,,,,,,,
923.337,21,Group Change Event,Group Change,,18,1,New Group,13,,,,,,,,
923.712,31,Touch Up Event,Bussey Mouse Operant Mode 3 x 1 x low,,13,4,Position,1,Image 1,0,CoordX,138,CoordY,193,,
927.062,38,Input Transition On Event,FIRBeam #1,,13,0,,,,,,,,,,
928.337,1,Condition Event,Time Out End,,13,0,,,,,,,,,,
928.337,29,Timer Event,ITI_Timer,,13,1,Value,0,,,,,,,,
928.337,21,Group Change Event,Group Change,,13,1,New Group,14,,,,,,,,
928.337,1,Condition Event,Reset Houselight off,,14,0,,,,,,,,,,
928.337,4,Output Off Event,HouseLight #1,,14,0,,,,,,,,,,
928.337,21,Group Change Event,Group Change,,14,1,New Group,9,,,,,,,,
929.816,39,Input Transition Off Event,FIRBeam #1,,9,0,,,,,,,,,,
932.431,30,Touch Down Event,Bussey Mouse Operant Mode 3 x 1 x low,,9,4,Position,0,(NoImageOrVideo),-1,CoordX,439,CoordY,555,,
934.486,31,Touch Up Event,Bussey Mouse Operant Mode 3 x 1 x low,,9,4,Position,2,Image 1,0,CoordX,134,CoordY,154,,
934.626,30,Touch Down Event,Bussey Mouse Operant Mode 3 x 1 x low,,9,4,Position,2,Image 1,0,CoordX,110,CoordY,212,,
934.626,1,Condition Event,Centre Screen Touches,,9,0,,,,,,,,,,
934.626,16,Variable Event,Centre_Touches_during_ITI,,9,1,Value,18,,,,,,,,
934.626,61,Group Maintain Event,Group Change,,9,1,New Group,9,,,,,,,,
934.712,38,Input Transition On Event,FIRBeam #1,,9,0,,,,,,,,,,
934.884,31,Touch Up Event,Bussey Mouse Operant Mode 3 x 1 x low,,9,4,Position,0,(NoImageOrVideo),-1,CoordX,378,CoordY,555,,
936.345,39,Input Transition Off Event,FIRBeam #1,,9,0,,,,,,,,,,
938.302,38,Input Transition On Event,FIRBeam #1,,9,0,,,,,,,,,,
938.776,39,Input Transition Off Event,FIRBeam #1,,9,0,,,,,,,,,,
938.891,38,Input Transition On Event,FIRBeam #1,,9,0,,,,,,,,,,
940.231,39,Input Transition Off Event,FIRBeam #1,,9,0,,,,,,,,,,
940.793,30,Touch Down Event,Bussey Mouse Operant Mode 3 x 1 x low,,9,4,Position,3,Image 1,0,CoordX,78,CoordY,193,,
940.794,1,Condition Event,Right Screen Touches,,9,0,,,,,,,,,,
940.794,16,Variable Event,Right_touches_during_ITI,,9,1,Value,30,,,,,,,,
940.794,61,Group Maintain Event,Group Change,,9,1,New Group,9,,,,,,,,
940.948,31,Touch Up Event,Bussey Mouse Operant Mode 3 x 1 x low,,9,4,Position,3,Image 1,0,CoordX,114,CoordY,174,,
940.988,30,Touch Down Event,Bussey Mouse Operant Mode 3 x 1 x low,,9,4,Position,3,Image 1,0,CoordX,146,CoordY,202,,
940.988,1,Condition Event,Right Screen Touches,,9,0,,,,,,,,,,
940.988,16,Variable Event,Right_touches_during_ITI,,9,1,Value,31,,,,,,,,
940.988,61,Group Maintain Event,Group Change,,9,1,New Group,9,,,,,,,,
941.952,31,Touch Up Event,Bussey Mouse Operant Mode 3 x 1 x low,,9,4,Position,0,(NoImageOrVideo),-1,CoordX,548,CoordY,555,,
942.951,30,Touch Down Event,Bussey Mouse Operant Mode 3 x 1 x low,,9,4,Position,2,Image 1,0,CoordX,63,CoordY,50,,
942.952,1,Condition Event,Centre Screen Touches,,9,0,,,,,,,,,,
942.952,16,Variable Event,Centre_Touches_during_ITI,,9,1,Value,19,,,,,,,,
942.952,61,Group Maintain Event,Group Change,,9,1,New Group,9,,,,,,,,
943.302,31,Touch Up Event,Bussey Mouse Operant Mode 3 x 1 x low,,9,4,Position,2,Image 1,0,CoordX,128,CoordY,212,,
943.381,30,Touch Down Event,Bussey Mouse Operant Mode 3 x 1 x low,,9,4,Position,0,(NoImageOrVideo),-1,CoordX,459,CoordY,555,,
943.592,31,Touch Up Event,Bussey Mouse Operant Mode 3 x 1 x low,,9,4,Position,2,Image 1,0,CoordX,189,CoordY,212,,
945.581,38,Input Transition On Event,FIRBeam #1,,9,0,,,,,,,,,,
946.121,39,Input Transition Off Event,FIRBeam #1,,9,0,,,,,,,,,,
948.287,30,Touch Down Event,Bussey Mouse Operant Mode 3 x 1 x low,,9,4,Position,0,(NoImageOrVideo),-1,CoordX,368,CoordY,555,,
948.337,1,Condition Event,Next trial,,9,0,,,,,,,,,,
948.337,3,Output On Event,TrayLight #1,,9,0,,,,,,,,,,
948.337,16,Variable Event,First_Trial,,9,1,Value,0,,,,,,,,
948.337,16,Variable Event,First_Analysis,,9,1,Value,1,,,,,,,,
948.337,16,Variable Event,ITI,,9,1,Value,20,,,,,,,,
948.337,21,Group Change Event,Group Change,,9,1,New Group,15,,,,,,,,
948.337,1,Condition Event,Start Correction Trial,,15,0,,,,,,,,,,
948.337,16,Variable Event,Correction_Trial,,15,1,Value,1,,,,,,,,
948.337,21,Group Change Event,Group Change,,15,1,New Group,16,,,,,,,,
948.463,31,Touch Up Event,Bussey Mouse Operant Mode 3 x 1 x low,,16,4,Position,0,(NoImageOrVideo),-1,CoordX,356,CoordY,555,,
949.246,38,Input Transition On Event,FIRBeam #1,,16,0,,,,,,,,,,
949.516,39,Input Transition Off Event,FIRBeam #1,,16,0,,,,,,,,,,
949.774,38,Input Transition On Event,BIRBeam #1,,16,0,,,,,,,,,,
950.221,38,Input Transition On Event,Tray #1,,16,0,,,,,,,,,,
950.222,1,Condition Event,Tray Entry Noted Trial Increment,,16,0,,,,,,,,,,
950.222,4,Output Off Event,TrayLight #1,,16,0,,,,,,,,,,
950.222,4,Output Off Event,Sound #1,,16,0,,,,,,,,,,
950.222,4,Output Off Event,Sound #2,,16,0,,,,,,,,,,
950.222,4,Output Off Event,Sound #3,,16,0,,,,,,,,,,
950.222,7,Pulse Output Event,Sound_On #1,,16,1,Duration,0,,,,,,,,
950.222,16,Variable Event,_Trial_Counter,,16,1,Value,11,,,,,,,,
950.222,16,Variable Event,Correct_Percent,,16,1,Value,7,,,,,,,,
950.222,16,Variable Event,Correct_Percent,,16,1,Value,0.636,,,,,,,,
950.222,16,Variable Event,Correct_Percent,,16,1,Value,63.636,,,,,,,,
950.222,21,Group Change Event,Group Change,,16,1,New Group,17,,,,,,,,
951.035,39,Input Transition Off Event,Tray #1,,17,0,,,,,,,,,,
951.036,1,Condition Event,Tray Exit Starts Correction Trial,,17,0,,,,,,,,,,
951.036,16,Variable Event,Total_No_Correction_Trials,,17,1,Value,19,,,,,,,,
951.036,21,Group Change Event,Group Change,,17,1,New Group,6,,,,,,,,
951.036,1,Condition Event,Display Images,,6,0,,,,,,,,,,
951.036,32,Whisker - Display Image,Bussey Mouse Operant Mode 3 x 1 x low,Images,6,2,Position,2,Image 2,1,,,,,,
951.036,32,Whisker - Display Image,Bussey Mouse Operant Mode 3 x 1 x low,Images,6,2,Position,1,Image 3,2,,,,,,
951.036,21,Group Change Event,Group Change,,6,1,New Group,7,,,,,,,,
951.404,39,Input Transition Off Event,BIRBeam #1,,7,0,,,,,,,,,,
951.75,38,Input Transition On Event,FIRBeam #1,,7,0,,,,,,,,,,
952.304,39,Input Transition Off Event,FIRBeam #1,,7,0,,,,,,,,,,
953.229,30,Touch Down Event,Bussey Mouse Operant Mode 3 x 1 x low,,7,4,Position,0,(NoImageOrVideo),-1,CoordX,96,CoordY,555,,
954.252,31,Touch Up Event,Bussey Mouse Operant Mode 3 x 1 x low,,7,4,Position,1,Image 3,2,CoordX,120,CoordY,115,,
954.603,38,Input Transition On Event,FIRBeam #1,,7,0,,,,,,,,,,
954.881,39,Input Transition Off Event,FIRBeam #1,,7,0,,,,,,,,,,
954.911,30,Touch Down Event,Bussey Mouse Operant Mode 3 x 1 x low,,7,4,Position,1,Image 3,2,CoordX,138,CoordY,212,,
954.911,1,Condition Event,Incorrect,,7,0,,,,,,,,,,
954.911,32,Whisker - Display Image,Bussey Mouse Operant Mode 3 x 1 x low,Background,7,2,Position,2,Image 1,0,,,,,,
954.911,32,Whisker - Display Image,Bussey Mouse Operant Mode 3 x 1 x low,Background,7,2,Position,1,Image 1,0,,,,,,
954.911,3,Output On Event,Sound #1,,7,0,,,,,,,,,,
954.911,3,Output On Event,Sound #2,,7,0,,,,,,,,,,
954.911,3,Output On Event,Sound #3,,7,0,,,,,,,,,,
954.911,7,Pulse Output Event,Sound_On #1,,7,1,Duration,0,,,,,,,,
954.911,29,Timer Event,Time_Out_Timer,,7,1,Value,0,,,,,,,,
954.911,21,Group Change Event,Group Change,,7,1,New Group,10,,,,,,,,
954.911,1,Condition Event,TO Houselight On,,10,0,,,,,,,,,,
954.911,3,Output On Event,HouseLight #1,,10,0,,,,,,,,,,
954.911,21,Group Change Event,Group Change,,10,1,New Group,11,,,,,,,,
954.911,1,Condition Event,Sequential Correction Trials,,11,0,,,,,,,,,,
954.911,16,Variable Event,Sequential_Correction_Trials,,11,1,Value,1,,,,,,,,
954.911,16,Variable Event,Increment_this_trial,,11,1,Value,0,,,,,,,,
954.911,21,Group Change Event,Group Change,,11,1,New Group,12,,,,,,,,
954.911,1,Condition Event,Incorrect Trails to Correction Trial,,12,0,,,,,,,,,,
954.911,16,Variable Event,Correction_Counter,,12,1,Value,2,,,,,,,,
954.911,21,Group Change Event,Group Change,,12,1,New Group,18,,,,,,,,
954.911,1,Condition Event,Change ITI time,,18,0,,,,,,,,,,
954.911,16,Variable Event,ITI,,18,1,Value,20,,,,,,,,
954.911,21,Group Change Event,Group Change,,18,1,New Group,13,,,,,,,,
955.085,31,Touch Up Event,Bussey Mouse Operant Mode 3 x 1 x low,,13,4,Position,1,Image 1,0,CoordX,138,CoordY,212,,
955.326,38,Input Transition On Event,FIRBeam #1,,13,0,,,,,,,,,,
955.423,39,Input Transition Off Event,FIRBeam #1,,13,0,,,,,,,,,,
957.025,38,Input Transition On Event,FIRBeam #1,,13,0,,,,,,,,,,
957.26,39,Input Transition Off Event,FIRBeam #1,,13,0,,,,,,,,,,
957.604,30,Touch Down Event,Bussey Mouse Operant Mode 3 x 1 x low,,13,4,Position,2,Image 1,0,CoordX,49,CoordY,118,,
957.76,31,Touch Up Event,Bussey Mouse Operant Mode 3 x 1 x low,,13,4,Position,2,Image 1,0,CoordX,49,CoordY,118,,
958.359,30,Touch Down Event,Bussey Mouse Operant Mode 3 x 1 x low,,13,4,Position,0,(NoImageOrVideo),-1,CoordX,318,CoordY,555,,
958.978,31,Touch Up Event,Bussey Mouse Operant Mode 3 x 1 x low,,13,4,Position,0,(NoImageOrVideo),-1,CoordX,313,CoordY,555,,
959.108,38,Input Transition On Event,FIRBeam #1,,13,0,,,,,,,,,,
959.217,39,Input Transition Off Event,FIRBeam #1,,13,0,,,,,,,,,,
959.911,1,Condition Event,Time Out End,,13,0,,,,,,,,,,
959.911,29,Timer Event,ITI_Timer,,13,1,Value,0,,,,,,,,
959.911,21,Group Change Event,Group Change,,13,1,New Group,14,,,,,,,,
959.911,1,Condition Event,Reset Houselight off,,14,0,,,,,,,,,,
959.911,4,Output Off Event,HouseLight #1,,14,0,,,,,,,,,,
959.911,21,Group Change Event,Group Change,,14,1,New Group,9,,,,,,,,
961.812,38,Input Transition On Event,FIRBeam #1,,9,0,,,,,,,,,,
962.466,39,Input Transition Off Event,FIRBeam #1,,9,0,,,,,,,,,,
965.707,38,Input Transition On Event,FIRBeam #1,,9,0,,,,,,,,,,
965.996,39,Input Transition Off Event,FIRBeam #1,,9,0,,,,,,,,,,
966.266,38,Input Transition On Event,BIRBeam #1,,9,0,,,,,,,,,,
966.596,39,Input Transition Off Event,BIRBeam #1,,9,0,,,,,,,,,,
967.342,38,Input Transition On Event,FIRBeam #1,,9,0,,,,,,,,,,
970.597,39,Input Transition Off Event,FIRBeam #1,,9,0,,,,,,,,,,
972.116,30,Touch Down Event,Bussey Mouse Operant Mode 3 x 1 x low,,9,4,Position,1,Image 1,0,CoordX,77,CoordY,223,,
972.117,1,Condition Event,Left Screen Touches,,9,0,,,,,,,,,,
972.117,16,Variable Event,Left_Touches_during_ITI,,9,1,Value,40,,,,,,,,
972.117,61,Group Maintain Event,Group Change,,9,1,New Group,9,,,,,,,,
974.159,38,Input Transition On Event,FIRBeam #1,,9,0,,,,,,,,,,
974.222,39,Input Transition Off Event,FIRBeam #1,,9,0,,,,,,,,,,
974.648,31,Touch Up Event,Bussey Mouse Operant Mode 3 x 1 x low,,9,4,Position,0,(NoImageOrVideo),-1,CoordX,224,CoordY,555,,
975.148,30,Touch Down Event,Bussey Mouse Operant Mode 3 x 1 x low,,9,4,Position,1,Image 1,0,CoordX,53,CoordY,202,,
975.148,1,Condition Event,Left Screen Touches,,9,0,,,,,,,,,,
975.148,16,Variable Event,Left_Touches_during_ITI,,9,1,Value,41,,,,,,,,
975.148,61,Group Maintain Event,Group Change,,9,1,New Group,9,,,,,,,,
975.865,31,Touch Up Event,Bussey Mouse Operant Mode 3 x 1 x low,,9,4,Position,1,Image 1,0,CoordX,120,CoordY,154,,
975.904,30,Touch Down Event,Bussey Mouse Operant Mode 3 x 1 x low,,9,4,Position,1,Image 1,0,CoordX,155,CoordY,154,,
975.904,1,Condition Event,Left Screen Touches,,9,0,,,,,,,,,,
975.904,16,Variable Event,Left_Touches_during_ITI,,9,1,Value,42,,,,,,,,
975.904,61,Group Maintain Event,Group Change,,9,1,New Group,9,,,,,,,,
975.924,31,Touch Up Event,Bussey Mouse Operant Mode 3 x 1 x low,,9,4,Position,1,Image 1,0,CoordX,155,CoordY,154,,
976.502,38,Input Transition On Event,FIRBeam #1,,9,0,,,,,,,,,,
979.911,1,Condition Event,Next trial,,9,0,,,,,,,,,,
979.911,3,Output On Event,TrayLight #1,,9,0,,,,,,,,,,
979.911,16,Variable Event,First_Trial,,9,1,Value,0,,,,,,,,
979.911,16,Variable Event,First_Analysis,,9,1,Value,1,,,,,,,,
979.911,16,Variable Event,ITI,,9,1,Value,20,,,,,,,,
979.911,21,Group Change Event,Group Change,,9,1,New Group,15,,,,,,,,
979.911,1,Condition Event,Start Correction Trial,,15,0,,,,,,,,,,
979.911,16,Variable Event,Correction_Trial,,15,1,Value,1,,,,,,,,
979.911,21,Group Change Event,Group Change,,15,1,New Group,16,,,,,,,,
982.411,39,Input Transition Off Event,FIRBeam #1,,16,0,,,,,,,,,,
982.591,38,Input Transition On Event,BIRBeam #1,,16,0,,,,,,,,,,
983.177,39,Input Transition Off Event,BIRBeam #1,,16,0,,,,,,,,,,
983.65,38,Input Transition On Event,BIRBeam #1,,16,0,,,,,,,,,,
984.204,39,Input Transition Off Event,BIRBeam #1,,16,0,,,,,,,,,,
984.77,38,Input Transition On Event,FIRBeam #1,,16,0,,,,,,,,,,
985.967,30,Touch Down Event,Bussey Mouse Operant Mode 3 x 1 x low,,16,4,Position,2,Image 1,0,CoordX,14,CoordY,135,,
986.063,31,Touch Up Event,Bussey Mouse Operant Mode 3 x 1 x low,,16,4,Position,2,Image 1,0,CoordX,14,CoordY,135,,
986.61,39,Input Transition Off Event,FIRBeam #1,,16,0,,,,,,,,,,
986.827,38,Input Transition On Event,BIRBeam #1,,16,0,,,,,,,,,,
987.311,38,Input Transition On Event,Tray #1,,16,0,,,,,,,,,,
987.311,1,Condition Event,Tray Entry Noted,,16,0,,,,,,,,,,
987.311,4,Output Off Event,TrayLight #1,,16,0,,,,,,,,,,
987.311,4,Output Off Event,Sound #1,,16,0,,,,,,,,,,
987.311,4,Output Off Event,Sound #2,,16,0,,,,,,,,,,
987.311,4,Output Off Event,Sound #3,,16,0,,,,,,,,,,
987.311,7,Pulse Output Event,Sound_On #1,,16,1,Duration,0,,,,,,,,
987.311,21,Group Change Event,Group Change,,16,1,New Group,17,,,,,,,,
987.392,39,Input Transition Off Event,Tray #1,,17,0,,,,,,,,,,
987.392,1,Condition Event,Tray Exit Starts Correction Trial,,17,0,,,,,,,,,,
987.392,16,Variable Event,Total_No_Correction_Trials,,17,1,Value,20,,,,,,,,
987.392,21,Group Change Event,Group Change,,17,1,New Group,6,,,,,,,,
987.392,1,Condition Event,Display Images,,6,0,,,,,,,,,,
987.392,32,Whisker - Display Image,Bussey Mouse Operant Mode 3 x 1 x low,Images,6,2,Position,2,Image 2,1,,,,,,
987.392,32,Whisker - Display Image,Bussey Mouse Operant Mode 3 x 1 x low,Images,6,2,Position,1,Image 3,2,,,,,,
987.392,21,Group Change Event,Group Change,,6,1,New Group,7,,,,,,,,
988.81,39,Input Transition Off Event,BIRBeam #1,,7,0,,,,,,,,,,
990.71,38,Input Transition On Event,BIRBeam #1,,7,0,,,,,,,,,,
991.543,39,Input Transition Off Event,BIRBeam #1,,7,0,,,,,,,,,,
991.719,38,Input Transition On Event,FIRBeam #1,,7,0,,,,,,,,,,
992.123,39,Input Transition Off Event,FIRBeam #1,,7,0,,,,,,,,,,
992.123,30,Touch Down Event,Bussey Mouse Operant Mode 3 x 1 x low,,7,4,Position,2,Image 2,1,CoordX,116,CoordY,193,,
992.124,1,Condition Event,Correct,,7,0,,,,,,,,,,
992.124,32,Whisker - Display Image,Bussey Mouse Operant Mode 3 x 1 x low,Background,7,2,Position,2,Image 1,0,,,,,,
992.124,32,Whisker - Display Image,Bussey Mouse Operant Mode 3 x 1 x low,Background,7,2,Position,1,Image 1,0,,,,,,
992.124,7,Pulse Output Event,Feeder #1,,7,1,Duration,0.28,,,,,,,,
992.124,3,Output On Event,TrayLight #1,,7,0,,,,,,,,,,
992.124,16,Variable Event,Correction_Counter,,7,1,Value,0,,,,,,,,
992.124,21,Group Change Event,Group Change,,7,1,New Group,19,,,,,,,,
992.124,1,Condition Event,Reset Sound Levels to Zero,,19,0,,,,,,,,,,
992.124,4,Output Off Event,Sound #1,,19,0,,,,,,,,,,
992.124,4,Output Off Event,Sound #2,,19,0,,,,,,,,,,
992.124,4,Output Off Event,Sound #3,,19,0,,,,,,,,,,
992.124,21,Group Change Event,Group Change,,19,1,New Group,20,,,,,,,,
992.124,1,Condition Event,Adjust Sound Level 2,,20,0,,,,,,,,,,
992.124,3,Output On Event,Sound #2,,20,0,,,,,,,,,,
992.124,1,Condition Event,NoTone Fall Through,,20,0,,,,,,,,,,
992.124,21,Group Change Event,Group Change,,20,1,New Group,21,,,,,,,,
992.124,1,Condition Event,Play Tone,,21,0,,,,,,,,,,
992.124,7,Pulse Output Event,Sound_On #1,,21,1,Duration,1,,,,,,,,
992.124,21,Group Change Event,Group Change,,21,1,New Group,8,,,,,,,,
992.124,1,Condition Event,Reset Correction Flag,,8,0,,,,,,,,,,
992.124,16,Variable Event,Sequential_Correction_Trials,,8,1,Value,0,,,,,,,,
992.124,16,Variable Event,Correction_Trial_Correct_Counter,,8,1,Value,4,,,,,,,,
992.124,16,Variable Event,First_Analysis,,8,1,Value,0,,,,,,,,
992.124,61,Group Maintain Event,Group Change,,8,1,New Group,8,,,,,,,,
992.202,31,Touch Up Event,Bussey Mouse Operant Mode 3 x 1 x low,,8,4,Position,2,Image 1,0,CoordX,99,CoordY,193,,
992.439,38,Input Transition On Event,FIRBeam #1,,8,0,,,,,,,,,,
992.657,39,Input Transition Off Event,FIRBeam #1,,8,0,,,,,,,,,,
992.768,38,Input Transition On Event,BIRBeam #1,,8,0,,,,,,,,,,
993.006,38,Input Transition On Event,Tray #1,,8,0,,,,,,,,,,
993.006,1,Condition Event,Reward Collected Start ITI,,8,0,,,,,,,,,,
993.006,4,Output Off Event,TrayLight #1,,8,0,,,,,,,,,,
993.006,29,Timer Event,ITI_Timer,,8,1,Value,0,,,,,,,,
993.006,21,Group Change Event,Group Change,,8,1,New Group,9,,,,,,,,
997.508,39,Input Transition Off Event,Tray #1,,9,0,,,,,,,,,,
1000.604,39,Input Transition Off Event,BIRBeam #1,,9,0,,,,,,,,,,
1001.514,38,Input Transition On Event,BIRBeam #1,,9,0,,,,,,,,,,
1002.603,38,Input Transition On Event,Tray #1,,9,0,,,,,,,,,,
1005.869,39,Input Transition Off Event,Tray #1,,9,0,,,,,,,,,,
1006.594,39,Input Transition Off Event,BIRBeam #1,,9,0,,,,,,,,,,
1008.033,38,Input Transition On Event,FIRBeam #1,,9,0,,,,,,,,,,
1011.299,39,Input Transition Off Event,FIRBeam #1,,9,0,,,,,,,,,,
1011.388,38,Input Transition On Event,FIRBeam #1,,9,0,,,,,,,,,,
1012.519,30,Touch Down Event,Bussey Mouse Operant Mode 3 x 1 x low,,9,4,Position,2,Image 1,0,CoordX,184,CoordY,212,,
1012.519,1,Condition Event,Centre Screen Touches,,9,0,,,,,,,,,,
1012.519,16,Variable Event,Centre_Touches_during_ITI,,9,1,Value,20,,,,,,,,
1012.519,61,Group Maintain Event,Group Change,,9,1,New Group,9,,,,,,,,
1012.616,31,Touch Up Event,Bussey Mouse Operant Mode 3 x 1 x low,,9,4,Position,2,Image 1,0,CoordX,166,CoordY,193,,
1012.711,39,Input Transition Off Event,FIRBeam #1,,9,0,,,,,,,,,,
1013.006,1,Condition Event,Next trial,,9,0,,,,,,,,,,
1013.006,3,Output On Event,TrayLight #1,,9,0,,,,,,,,,,
1013.006,16,Variable Event,First_Trial,,9,1,Value,0,,,,,,,,
1013.006,16,Variable Event,First_Analysis,,9,1,Value,1,,,,,,,,
1013.006,16,Variable Event,ITI,,9,1,Value,20,,,,,,,,
1013.006,21,Group Change Event,Group Change,,9,1,New Group,15,,,,,,,,
1013.007,1,Condition Event,Next trial non corrected Trial,,15,0,,,,,,,,,,
1013.007,19,List Change - Next Value,Trial_Type,,15,2,Index,6,Value,1,,,,,,
1013.007,21,Group Change Event,Group Change,,15,1,New Group,3,,,,,,,,
1013.199,38,Input Transition On Event,FIRBeam #1,,3,0,,,,,,,,,,
1013.434,39,Input Transition Off Event,FIRBeam #1,,3,0,,,,,,,,,,
1013.557,38,Input Transition On Event,BIRBeam #1,,3,0,,,,,,,,,,
1013.832,38,Input Transition On Event,Tray #1,,3,0,,,,,,,,,,
1013.832,1,Condition Event,Tray Entry no Increment Trial,,3,0,,,,,,,,,,
1013.832,4,Output Off Event,TrayLight #1,,3,0,,,,,,,,,,
1013.832,4,Output Off Event,Sound #1,,3,0,,,,,,,,,,
1013.832,4,Output Off Event,Sound #2,,3,0,,,,,,,,,,
1013.832,4,Output Off Event,Sound #3,,3,0,,,,,,,,,,
1013.832,7,Pulse Output Event,Sound_On #1,,3,1,Duration,0,,,,,,,,
1013.832,16,Variable Event,Correction_Trial,,3,1,Value,0,,,,,,,,
1013.832,21,Group Change Event,Group Change,,3,1,New Group,4,,,,,,,,
1014.012,39,Input Transition Off Event,Tray #1,,4,0,,,,,,,,,,
1014.012,1,Condition Event,Start Trial,,4,0,,,,,,,,,,
1014.012,16,Variable Event,Trial,,4,1,Value,1,,,,,,,,
1014.012,21,Group Change Event,Group Change,,4,1,New Group,5,,,,,,,,
1014.012,1,Condition Event,Set for Trial 1,,5,0,,,,,,,,,,
1014.012,16,Variable Event,Correct_Grid_Position,,5,1,Value,1,,,,,,,,
1014.012,16,Variable Event,Correct_Image,,5,1,Value,1,,,,,,,,
1014.012,16,Variable Event,Incorrect_Grid_Position,,5,1,Value,2,,,,,,,,
1014.012,16,Variable Event,Incorrect_Image,,5,1,Value,3,,,,,,,,
1014.012,21,Group Change Event,Group Change,,5,1,New Group,6,,,,,,,,
1014.012,1,Condition Event,Display Images,,6,0,,,,,,,,,,
1014.012,32,Whisker - Display Image,Bussey Mouse Operant Mode 3 x 1 x low,Images,6,2,Position,1,Image 1,0,,,,,,
1014.012,32,Whisker - Display Image,Bussey Mouse Operant Mode 3 x 1 x low,Images,6,2,Position,2,Image 3,2,,,,,,
1014.012,21,Group Change Event,Group Change,,6,1,New Group,7,,,,,,,,
1015.035,39,Input Transition Off Event,BIRBeam #1,,7,0,,,,,,,,,,
1015.314,38,Input Transition On Event,FIRBeam #1,,7,0,,,,,,,,,,
1015.75,39,Input Transition Off Event,FIRBeam #1,,7,0,,,,,,,,,,
1015.783,30,Touch Down Event,Bussey Mouse Operant Mode 3 x 1 x low,,7,4,Position,2,Image 3,2,CoordX,134,CoordY,212,,
1015.784,1,Condition Event,Incorrect,,7,0,,,,,,,,,,
1015.784,32,Whisker - Display Image,Bussey Mouse Operant Mode 3 x 1 x low,Background,7,2,Position,1,Image 1,0,,,,,,
1015.784,32,Whisker - Display Image,Bussey Mouse Operant Mode 3 x 1 x low,Background,7,2,Position,2,Image 1,0,,,,,,
1015.784,3,Output On Event,Sound #1,,7,0,,,,,,,,,,
1015.784,3,Output On Event,Sound #2,,7,0,,,,,,,,,,
1015.784,3,Output On Event,Sound #3,,7,0,,,,,,,,,,
1015.784,7,Pulse Output Event,Sound_On #1,,7,1,Duration,0,,,,,,,,
1015.784,29,Timer Event,Time_Out_Timer,,7,1,Value,0,,,,,,,,
1015.784,21,Group Change Event,Group Change,,7,1,New Group,10,,,,,,,,
1015.784,1,Condition Event,TO Houselight On,,10,0,,,,,,,,,,
1015.784,3,Output On Event,HouseLight #1,,10,0,,,,,,,,,,
1015.784,21,Group Change Event,Group Change,,10,1,New Group,11,,,,,,,,
1015.784,1,Condition Event,Not correcting,,11,0,,,,,,,,,,
1015.784,16,Variable Event,Increment_this_trial,,11,1,Value,1,,,,,,,,
1015.784,21,Group Change Event,Group Change,,11,1,New Group,12,,,,,,,,
1015.784,1,Condition Event,Incorrect Trails to Correction Trial,,12,0,,,,,,,,,,
1015.784,16,Variable Event,Correction_Counter,,12,1,Value,1,,,,,,,,
1015.784,21,Group Change Event,Group Change,,12,1,New Group,18,,,,,,,,
1015.784,1,Condition Event,Change ITI time,,18,0,,,,,,,,,,
1015.784,16,Variable Event,ITI,,18,1,Value,20,,,,,,,,
1015.784,21,Group Change Event,Group Change,,18,1,New Group,13,,,,,,,,
1015.861,31,Touch Up Event,Bussey Mouse Operant Mode 3 x 1 x low,,13,4,Position,2,Image 1,0,CoordX,116,CoordY,212,,
1016.12,30,Touch Down Event,Bussey Mouse Operant Mode 3 x 1 x low,,13,4,Position,2,Image 1,0,CoordX,134,CoordY,154,,
1016.589,31,Touch Up Event,Bussey Mouse Operant Mode 3 x 1 x low,,13,4,Position,2,Image 1,0,CoordX,116,CoordY,118,,
1016.686,38,Input Transition On Event,FIRBeam #1,,13,0,,,,,,,,,,
1017.989,39,Input Transition Off Event,FIRBeam #1,,13,0,,,,,,,,,,
1018.129,38,Input Transition On Event,FIRBeam #1,,13,0,,,,,,,,,,
1020.784,1,Condition Event,Time Out End,,13,0,,,,,,,,,,
1020.784,29,Timer Event,ITI_Timer,,13,1,Value,0,,,,,,,,
1020.784,21,Group Change Event,Group Change,,13,1,New Group,14,,,,,,,,
1020.784,1,Condition Event,Reset Houselight off,,14,0,,,,,,,,,,
1020.784,4,Output Off Event,HouseLight #1,,14,0,,,,,,,,,,
1020.784,21,Group Change Event,Group Change,,14,1,New Group,9,,,,,,,,
1024.693,39,Input Transition Off Event,FIRBeam #1,,9,0,,,,,,,,,,
1025.336,30,Touch Down Event,Bussey Mouse Operant Mode 3 x 1 x low,,9,4,Position,0,(NoImageOrVideo),-1,CoordX,114,CoordY,555,,
1025.53,31,Touch Up Event,Bussey Mouse Operant Mode 3 x 1 x low,,9,4,Position,0,(NoImageOrVideo),-1,CoordX,108,CoordY,555,,
1025.686,38,Input Transition On Event,FIRBeam #1,,9,0,,,,,,,,,,
1025.778,39,Input Transition Off Event,FIRBeam #1,,9,0,,,,,,,,,,
1027.39,30,Touch Down Event,Bussey Mouse Operant Mode 3 x 1 x low,,9,4,Position,3,Image 1,0,CoordX,35,CoordY,222,,
1027.39,1,Condition Event,Right Screen Touches,,9,0,,,,,,,,,,
1027.39,16,Variable Event,Right_touches_during_ITI,,9,1,Value,32,,,,,,,,
1027.39,61,Group Maintain Event,Group Change,,9,1,New Group,9,,,,,,,,
1027.449,31,Touch Up Event,Bussey Mouse Operant Mode 3 x 1 x low,,9,4,Position,3,Image 1,0,CoordX,43,CoordY,212,,
1027.508,30,Touch Down Event,Bussey Mouse Operant Mode 3 x 1 x low,,9,4,Position,3,Image 1,0,CoordX,78,CoordY,202,,
1027.508,1,Condition Event,Right Screen Touches,,9,0,,,,,,,,,,
1027.508,16,Variable Event,Right_touches_during_ITI,,9,1,Value,33,,,,,,,,
1027.508,61,Group Maintain Event,Group Change,,9,1,New Group,9,,,,,,,,
1028.013,31,Touch Up Event,Bussey Mouse Operant Mode 3 x 1 x low,,9,4,Position,3,Image 1,0,CoordX,42,CoordY,212,,
1029.412,30,Touch Down Event,Bussey Mouse Operant Mode 3 x 1 x low,,9,4,Position,1,Image 1,0,CoordX,53,CoordY,75,,
1029.412,1,Condition Event,Left Screen Touches,,9,0,,,,,,,,,,
1029.412,16,Variable Event,Left_Touches_during_ITI,,9,1,Value,43,,,,,,,,
1029.412,61,Group Maintain Event,Group Change,,9,1,New Group,9,,,,,,,,
1030.144,31,Touch Up Event,Bussey Mouse Operant Mode 3 x 1 x low,,9,4,Position,1,Image 1,0,CoordX,36,CoordY,99,,
1030.983,30,Touch Down Event,Bussey Mouse Operant Mode 3 x 1 x low,,9,4,Position,1,Image 1,0,CoordX,53,CoordY,174,,
1030.983,1,Condition Event,Left Screen Touches,,9,0,,,,,,,,,,
1030.983,16,Variable Event,Left_Touches_during_ITI,,9,1,Value,44,,,,,,,,
1030.983,61,Group Maintain Event,Group Change,,9,1,New Group,9,,,,,,,,
1031.331,31,Touch Up Event,Bussey Mouse Operant Mode 3 x 1 x low,,9,4,Position,1,Image 1,0,CoordX,138,CoordY,212,,
1031.451,30,Touch Down Event,Bussey Mouse Operant Mode 3 x 1 x low,,9,4,Position,0,(NoImageOrVideo),-1,CoordX,248,CoordY,555,,
1031.736,31,Touch Up Event,Bussey Mouse Operant Mode 3 x 1 x low,,9,4,Position,1,Image 1,0,CoordX,205,CoordY,212,,
1032.408,38,Input Transition On Event,FIRBeam #1,,9,0,,,,,,,,,,
1032.893,39,Input Transition Off Event,FIRBeam #1,,9,0,,,,,,,,,,
1034.603,38,Input Transition On Event,BIRBeam #1,,9,0,,,,,,,,,,
1034.918,38,Input Transition On Event,Tray #1,,9,0,,,,,,,,,,
1035.087,39,Input Transition Off Event,Tray #1,,9,0,,,,,,,,,,
1035.475,39,Input Transition Off Event,BIRBeam #1,,9,0,,,,,,,,,,
1037.694,38,Input Transition On Event,BIRBeam #1,,9,0,,,,,,,,,,
1037.944,38,Input Transition On Event,Tray #1,,9,0,,,,,,,,,,
1038.009,39,Input Transition Off Event,Tray #1,,9,0,,,,,,,,,,
1038.093,38,Input Transition On Event,Tray #1,,9,0,,,,,,,,,,
1038.785,39,Input Transition Off Event,Tray #1,,9,0,,,,,,,,,,
1039.617,39,Input Transition Off Event,BIRBeam #1,,9,0,,,,,,,,,,
1040.784,1,Condition Event,Next trial,,9,0,,,,,,,,,,
1040.784,3,Output On Event,TrayLight #1,,9,0,,,,,,,,,,
1040.784,16,Variable Event,First_Trial,,9,1,Value,0,,,,,,,,
1040.784,16,Variable Event,First_Analysis,,9,1,Value,1,,,,,,,,
1040.784,16,Variable Event,ITI,,9,1,Value,20,,,,,,,,
1040.784,21,Group Change Event,Group Change,,9,1,New Group,15,,,,,,,,
1040.784,1,Condition Event,Start Correction Trial,,15,0,,,,,,,,,,
1040.784,16,Variable Event,Correction_Trial,,15,1,Value,1,,,,,,,,
1040.784,21,Group Change Event,Group Change,,15,1,New Group,16,,,,,,,,
1040.871,38,Input Transition On Event,BIRBeam #1,,16,0,,,,,,,,,,
1041.156,38,Input Transition On Event,Tray #1,,16,0,,,,,,,,,,
1041.157,1,Condition Event,Tray Entry Noted Trial Increment,,16,0,,,,,,,,,,
1041.157,4,Output Off Event,TrayLight #1,,16,0,,,,,,,,,,
1041.157,4,Output Off Event,Sound #1,,16,0,,,,,,,,,,
1041.157,4,Output Off Event,Sound #2,,16,0,,,,,,,,,,
1041.157,4,Output Off Event,Sound #3,,16,0,,,,,,,,,,
1041.157,7,Pulse Output Event,Sound_On #1,,16,1,Duration,0,,,,,,,,
1041.157,16,Variable Event,_Trial_Counter,,16,1,Value,12,,,,,,,,
1041.157,16,Variable Event,Correct_Percent,,16,1,Value,7,,,,,,,,
1041.157,16,Variable Event,Correct_Percent,,16,1,Value,0.583,,,,,,,,
1041.157,16,Variable Event,Correct_Percent,,16,1,Value,58.333,,,,,,,,
1041.157,21,Group Change Event,Group Change,,16,1,New Group,17,,,,,,,,
1042.218,39,Input Transition Off Event,Tray #1,,17,0,,,,,,,,,,
1042.219,1,Condition Event,Tray Exit Starts Correction Trial,,17,0,,,,,,,,,,
1042.219,16,Variable Event,Total_No_Correction_Trials,,17,1,Value,21,,,,,,,,
1042.219,21,Group Change Event,Group Change,,17,1,New Group,6,,,,,,,,
1042.219,1,Condition Event,Display Images,,6,0,,,,,,,,,,
1042.219,32,Whisker - Display Image,Bussey Mouse Operant Mode 3 x 1 x low,Images,6,2,Position,1,Image 1,0,,,,,,
1042.219,32,Whisker - Display Image,Bussey Mouse Operant Mode 3 x 1 x low,Images,6,2,Position,2,Image 3,2,,,,,,
1042.219,21,Group Change Event,Group Change,,6,1,New Group,7,,,,,,,,
1042.728,39,Input Transition Off Event,BIRBeam #1,,7,0,,,,,,,,,,
1042.993,38,Input Transition On Event,FIRBeam #1,,7,0,,,,,,,,,,
1043.65,39,Input Transition Off Event,FIRBeam #1,,7,0,,,,,,,,,,
1043.849,30,Touch Down Event,Bussey Mouse Operant Mode 3 x 1 x low,,7,4,Position,2,Image 3,2,CoordX,116,CoordY,193,,
1043.85,1,Condition Event,Incorrect,,7,0,,,,,,,,,,
1043.85,32,Whisker - Display Image,Bussey Mouse Operant Mode 3 x 1 x low,Background,7,2,Position,1,Image 1,0,,,,,,
1043.85,32,Whisker - Display Image,Bussey Mouse Operant Mode 3 x 1 x low,Background,7,2,Position,2,Image 1,0,,,,,,
1043.85,3,Output On Event,Sound #1,,7,0,,,,,,,,,,
1043.85,3,Output On Event,Sound #2,,7,0,,,,,,,,,,
1043.85,3,Output On Event,Sound #3,,7,0,,,,,,,,,,
1043.85,7,Pulse Output Event,Sound_On #1,,7,1,Duration,0,,,,,,,,
1043.85,29,Timer Event,Time_Out_Timer,,7,1,Value,0,,,,,,,,
1043.85,21,Group Change Event,Group Change,,7,1,New Group,10,,,,,,,,
1043.85,1,Condition Event,TO Houselight On,,10,0,,,,,,,,,,
1043.85,3,Output On Event,HouseLight #1,,10,0,,,,,,,,,,
1043.85,21,Group Change Event,Group Change,,10,1,New Group,11,,,,,,,,
1043.85,1,Condition Event,Sequential Correction Trials,,11,0,,,,,,,,,,
1043.85,16,Variable Event,Sequential_Correction_Trials,,11,1,Value,1,,,,,,,,
1043.85,16,Variable Event,Increment_this_trial,,11,1,Value,0,,,,,,,,
1043.85,21,Group Change Event,Group Change,,11,1,New Group,12,,,,,,,,
1043.85,1,Condition Event,Incorrect Trails to Correction Trial,,12,0,,,,,,,,,,
1043.85,16,Variable Event,Correction_Counter,,12,1,Value,2,,,,,,,,
1043.85,21,Group Change Event,Group Change,,12,1,New Group,18,,,,,,,,
1043.85,1,Condition Event,Change ITI time,,18,0,,,,,,,,,,
1043.85,16,Variable Event,ITI,,18,1,Value,20,,,,,,,,
1043.85,21,Group Change Event,Group Change,,18,1,New Group,13,,,,,,,,
1043.929,31,Touch Up Event,Bussey Mouse Operant Mode 3 x 1 x low,,13,4,Position,2,Image 1,0,CoordX,116,CoordY,193,,
1043.949,30,Touch Down Event,Bussey Mouse Operant Mode 3 x 1 x low,,13,4,Position,2,Image 1,0,CoordX,152,CoordY,154,,
1044.067,31,Touch Up Event,Bussey Mouse Operant Mode 3 x 1 x low,,13,4,Position,2,Image 1,0,CoordX,152,CoordY,154,,
1044.402,30,Touch Down Event,Bussey Mouse Operant Mode 3 x 1 x low,,13,4,Position,2,Image 1,0,CoordX,202,CoordY,193,,
1044.595,31,Touch Up Event,Bussey Mouse Operant Mode 3 x 1 x low,,13,4,Position,2,Image 1,0,CoordX,202,CoordY,193,,
1045.353,30,Touch Down Event,Bussey Mouse Operant Mode 3 x 1 x low,,13,4,Position,2,Image 1,0,CoordX,134,CoordY,41,,
1046.048,31,Touch Up Event,Bussey Mouse Operant Mode 3 x 1 x low,,13,4,Position,2,Image 1,0,CoordX,134,CoordY,41,,
1046.088,38,Input Transition On Event,FIRBeam #1,,13,0,,,,,,,,,,
1047.253,39,Input Transition Off Event,FIRBeam #1,,13,0,,,,,,,,,,
1047.531,38,Input Transition On Event,FIRBeam #1,,13,0,,,,,,,,,,
1048.85,1,Condition Event,Time Out End,,13,0,,,,,,,,,,
1048.85,29,Timer Event,ITI_Timer,,13,1,Value,0,,,,,,,,
1048.85,21,Group Change Event,Group Change,,13,1,New Group,14,,,,,,,,
1048.85,1,Condition Event,Reset Houselight off,,14,0,,,,,,,,,,
1048.85,4,Output Off Event,HouseLight #1,,14,0,,,,,,,,,,
1048.85,21,Group Change Event,Group Change,,14,1,New Group,9,,,,,,,,
1054.631,39,Input Transition Off Event,FIRBeam #1,,9,0,,,,,,,,,,
1056.129,38,Input Transition On Event,FIRBeam #1,,9,0,,,,,,,,,,
1058.901,39,Input Transition Off Event,FIRBeam #1,,9,0,,,,,,,,,,
1059.485,30,Touch Down Event,Bussey Mouse Operant Mode 3 x 1 x low,,9,4,Position,1,Image 1,0,CoordX,53,CoordY,106,,
1059.486,1,Condition Event,Left Screen Touches,,9,0,,,,,,,,,,
1059.486,16,Variable Event,Left_Touches_during_ITI,,9,1,Value,45,,,,,,,,
1059.486,61,Group Maintain Event,Group Change,,9,1,New Group,9,,,,,,,,
1060.143,31,Touch Up Event,Bussey Mouse Operant Mode 3 x 1 x low,,9,4,Position,1,Image 1,0,CoordX,138,CoordY,154,,
1061.088,38,Input Transition On Event,FIRBeam #1,,9,0,,,,,,,,,,
1061.515,39,Input Transition Off Event,FIRBeam #1,,9,0,,,,,,,,,,
1063.745,38,Input Transition On Event,FIRBeam #1,,9,0,,,,,,,,,,
1068.85,1,Condition Event,Next trial,,9,0,,,,,,,,,,
1068.85,3,Output On Event,TrayLight #1,,9,0,,,,,,,,,,
1068.85,16,Variable Event,First_Trial,,9,1,Value,0,,,,,,,,
1068.85,16,Variable Event,First_Analysis,,9,1,Value,1,,,,,,,,
1068.85,16,Variable Event,ITI,,9,1,Value,20,,,,,,,,
1068.85,21,Group Change Event,Group Change,,9,1,New Group,15,,,,,,,,
1068.85,1,Condition Event,Start Correction Trial,,15,0,,,,,,,,,,
1068.85,16,Variable Event,Correction_Trial,,15,1,Value,1,,,,,,,,
1068.85,21,Group Change Event,Group Change,,15,1,New Group,16,,,,,,,,
1076.07,39,Input Transition Off Event,FIRBeam #1,,16,0,,,,,,,,,,
1076.151,30,Touch Down Event,Bussey Mouse Operant Mode 3 x 1 x low,,16,4,Position,0,(NoImageOrVideo),-1,CoordX,198,CoordY,555,,
1076.246,31,Touch Up Event,Bussey Mouse Operant Mode 3 x 1 x low,,16,4,Position,0,(NoImageOrVideo),-1,CoordX,198,CoordY,555,,
1076.403,38,Input Transition On Event,FIRBeam #1,,16,0,,,,,,,,,,
1076.627,39,Input Transition Off Event,FIRBeam #1,,16,0,,,,,,,,,,
1077.424,38,Input Transition On Event,FIRBeam #1,,16,0,,,,,,,,,,
1077.689,39,Input Transition Off Event,FIRBeam #1,,16,0,,,,,,,,,,
1077.808,38,Input Transition On Event,BIRBeam #1,,16,0,,,,,,,,,,
1078.261,38,Input Transition On Event,Tray #1,,16,0,,,,,,,,,,
1078.261,1,Condition Event,Tray Entry Noted,,16,0,,,,,,,,,,
1078.261,4,Output Off Event,TrayLight #1,,16,0,,,,,,,,,,
1078.261,4,Output Off Event,Sound #1,,16,0,,,,,,,,,,
1078.261,4,Output Off Event,Sound #2,,16,0,,,,,,,,,,
1078.261,4,Output Off Event,Sound #3,,16,0,,,,,,,,,,
1078.261,7,Pulse Output Event,Sound_On #1,,16,1,Duration,0,,,,,,,,
1078.261,21,Group Change Event,Group Change,,16,1,New Group,17,,,,,,,,
1078.539,39,Input Transition Off Event,Tray #1,,17,0,,,,,,,,,,
1078.539,1,Condition Event,Tray Exit Starts Correction Trial,,17,0,,,,,,,,,,
1078.539,16,Variable Event,Total_No_Correction_Trials,,17,1,Value,22,,,,,,,,
1078.539,21,Group Change Event,Group Change,,17,1,New Group,6,,,,,,,,
1078.539,1,Condition Event,Display Images,,6,0,,,,,,,,,,
1078.539,32,Whisker - Display Image,Bussey Mouse Operant Mode 3 x 1 x low,Images,6,2,Position,1,Image 1,0,,,,,,
1078.539,32,Whisker - Display Image,Bussey Mouse Operant Mode 3 x 1 x low,Images,6,2,Position,2,Image 3,2,,,,,,
1078.539,21,Group Change Event,Group Change,,6,1,New Group,7,,,,,,,,
1078.721,39,Input Transition Off Event,BIRBeam #1,,7,0,,,,,,,,,,
1079.224,38,Input Transition On Event,FIRBeam #1,,7,0,,,,,,,,,,
1079.749,39,Input Transition Off Event,FIRBeam #1,,7,0,,,,,,,,,,
1080.189,30,Touch Down Event,Bussey Mouse Operant Mode 3 x 1 x low,,7,4,Position,2,Image 3,2,CoordX,99,CoordY,154,,
1080.189,1,Condition Event,Incorrect,,7,0,,,,,,,,,,
1080.189,32,Whisker - Display Image,Bussey Mouse Operant Mode 3 x 1 x low,Background,7,2,Position,1,Image 1,0,,,,,,
1080.189,32,Whisker - Display Image,Bussey Mouse Operant Mode 3 x 1 x low,Background,7,2,Position,2,Image 1,0,,,,,,
1080.189,3,Output On Event,Sound #1,,7,0,,,,,,,,,,
1080.189,3,Output On Event,Sound #2,,7,0,,,,,,,,,,
1080.189,3,Output On Event,Sound #3,,7,0,,,,,,,,,,
1080.189,7,Pulse Output Event,Sound_On #1,,7,1,Duration,0,,,,,,,,
1080.189,29,Timer Event,Time_Out_Timer,,7,1,Value,0,,,,,,,,
1080.189,21,Group Change Event,Group Change,,7,1,New Group,10,,,,,,,,
1080.19,1,Condition Event,TO Houselight On,,10,0,,,,,,,,,,
1080.19,3,Output On Event,HouseLight #1,,10,0,,,,,,,,,,
1080.19,21,Group Change Event,Group Change,,10,1,New Group,11,,,,,,,,
1080.19,1,Condition Event,Sequential Correction Trials,,11,0,,,,,,,,,,
1080.19,16,Variable Event,Sequential_Correction_Trials,,11,1,Value,2,,,,,,,,
1080.19,16,Variable Event,Increment_this_trial,,11,1,Value,0,,,,,,,,
1080.19,21,Group Change Event,Group Change,,11,1,New Group,12,,,,,,,,
1080.19,1,Condition Event,Incorrect Trails to Correction Trial,,12,0,,,,,,,,,,
1080.19,16,Variable Event,Correction_Counter,,12,1,Value,3,,,,,,,,
1080.19,21,Group Change Event,Group Change,,12,1,New Group,18,,,,,,,,
1080.19,1,Condition Event,Change ITI time,,18,0,,,,,,,,,,
1080.19,16,Variable Event,ITI,,18,1,Value,20,,,,,,,,
1080.19,21,Group Change Event,Group Change,,18,1,New Group,13,,,,,,,,
1080.208,31,Touch Up Event,Bussey Mouse Operant Mode 3 x 1 x low,,13,4,Position,2,Image 1,0,CoordX,99,CoordY,154,,
1080.323,30,Touch Down Event,Bussey Mouse Operant Mode 3 x 1 x low,,13,4,Position,2,Image 1,0,CoordX,63,CoordY,154,,
1080.631,31,Touch Up Event,Bussey Mouse Operant Mode 3 x 1 x low,,13,4,Position,2,Image 1,0,CoordX,99,CoordY,174,,
1081.402,38,Input Transition On Event,FIRBeam #1,,13,0,,,,,,,,,,
1085.189,1,Condition Event,Time Out End,,13,0,,,,,,,,,,
1085.189,29,Timer Event,ITI_Timer,,13,1,Value,0,,,,,,,,
1085.189,21,Group Change Event,Group Change,,13,1,New Group,14,,,,,,,,
1085.189,1,Condition Event,Reset Houselight off,,14,0,,,,,,,,,,
1085.189,4,Output Off Event,HouseLight #1,,14,0,,,,,,,,,,
1085.189,21,Group Change Event,Group Change,,14,1,New Group,9,,,,,,,,
1086.046,39,Input Transition Off Event,FIRBeam #1,,9,0,,,,,,,,,,
1086.775,38,Input Transition On Event,FIRBeam #1,,9,0,,,,,,,,,,
1087.856,30,Touch Down Event,Bussey Mouse Operant Mode 3 x 1 x low,,9,4,Position,2,Image 1,0,CoordX,81,CoordY,80,,
1087.857,1,Condition Event,Centre Screen Touches,,9,0,,,,,,,,,,
1087.857,16,Variable Event,Centre_Touches_during_ITI,,9,1,Value,21,,,,,,,,
1087.857,61,Group Maintain Event,Group Change,,9,1,New Group,9,,,,,,,,
1087.877,39,Input Transition Off Event,FIRBeam #1,,9,0,,,,,,,,,,
1087.993,31,Touch Up Event,Bussey Mouse Operant Mode 3 x 1 x low,,9,4,Position,2,Image 1,0,CoordX,81,CoordY,80,,
1088.012,30,Touch Down Event,Bussey Mouse Operant Mode 3 x 1 x low,,9,4,Position,2,Image 1,0,CoordX,63,CoordY,80,,
1088.013,1,Condition Event,Centre Screen Touches,,9,0,,,,,,,,,,
1088.013,16,Variable Event,Centre_Touches_during_ITI,,9,1,Value,22,,,,,,,,
1088.013,61,Group Maintain Event,Group Change,,9,1,New Group,9,,,,,,,,
1088.208,31,Touch Up Event,Bussey Mouse Operant Mode 3 x 1 x low,,9,4,Position,2,Image 1,0,CoordX,99,CoordY,80,,
1088.279,38,Input Transition On Event,FIRBeam #1,,9,0,,,,,,,,,,
1088.759,39,Input Transition Off Event,FIRBeam #1,,9,0,,,,,,,,,,
1088.985,38,Input Transition On Event,FIRBeam #1,,9,0,,,,,,,,,,
1089.298,39,Input Transition Off Event,FIRBeam #1,,9,0,,,,,,,,,,
1089.864,38,Input Transition On Event,FIRBeam #1,,9,0,,,,,,,,,,
1090.194,39,Input Transition Off Event,FIRBeam #1,,9,0,,,,,,,,,,
1090.449,38,Input Transition On Event,FIRBeam #1,,9,0,,,,,,,,,,
1090.908,39,Input Transition Off Event,FIRBeam #1,,9,0,,,,,,,,,,
1091.439,38,Input Transition On Event,FIRBeam #1,,9,0,,,,,,,,,,
1091.652,39,Input Transition Off Event,FIRBeam #1,,9,0,,,,,,,,,,
1092.743,38,Input Transition On Event,FIRBeam #1,,9,0,,,,,,,,,,
1097.99,39,Input Transition Off Event,FIRBeam #1,,9,0,,,,,,,,,,
1098.001,30,Touch Down Event,Bussey Mouse Operant Mode 3 x 1 x low,,9,4,Position,1,Image 1,0,CoordX,187,CoordY,80,,
1098.001,1,Condition Event,Left Screen Touches,,9,0,,,,,,,,,,
1098.001,16,Variable Event,Left_Touches_during_ITI,,9,1,Value,46,,,,,,,,
1098.001,61,Group Maintain Event,Group Change,,9,1,New Group,9,,,,,,,,
1098.218,31,Touch Up Event,Bussey Mouse Operant Mode 3 x 1 x low,,9,4,Position,1,Image 1,0,CoordX,187,CoordY,80,,
1098.332,38,Input Transition On Event,FIRBeam #1,,9,0,,,,,,,,,,
1098.593,39,Input Transition Off Event,FIRBeam #1,,9,0,,,,,,,,,,
1099.147,38,Input Transition On Event,FIRBeam #1,,9,0,,,,,,,,,,
1100.702,39,Input Transition Off Event,FIRBeam #1,,9,0,,,,,,,,,,
1101.834,30,Touch Down Event,Bussey Mouse Operant Mode 3 x 1 x low,,9,4,Position,1,Image 1,0,CoordX,173,CoordY,60,,
1101.834,1,Condition Event,Left Screen Touches,,9,0,,,,,,,,,,
1101.834,16,Variable Event,Left_Touches_during_ITI,,9,1,Value,47,,,,,,,,
1101.834,61,Group Maintain Event,Group Change,,9,1,New Group,9,,,,,,,,
1102.182,31,Touch Up Event,Bussey Mouse Operant Mode 3 x 1 x low,,9,4,Position,1,Image 1,0,CoordX,156,CoordY,46,,
1104.02,38,Input Transition On Event,FIRBeam #1,,9,0,,,,,,,,,,
1105.053,39,Input Transition Off Event,FIRBeam #1,,9,0,,,,,,,,,,
1105.189,1,Condition Event,Next trial,,9,0,,,,,,,,,,
1105.189,3,Output On Event,TrayLight #1,,9,0,,,,,,,,,,
1105.189,16,Variable Event,First_Trial,,9,1,Value,0,,,,,,,,
1105.189,16,Variable Event,First_Analysis,,9,1,Value,1,,,,,,,,
1105.189,16,Variable Event,ITI,,9,1,Value,20,,,,,,,,
1105.189,21,Group Change Event,Group Change,,9,1,New Group,15,,,,,,,,
1105.189,1,Condition Event,Start Correction Trial,,15,0,,,,,,,,,,
1105.189,16,Variable Event,Correction_Trial,,15,1,Value,1,,,,,,,,
1105.189,21,Group Change Event,Group Change,,15,1,New Group,16,,,,,,,,
1105.573,38,Input Transition On Event,FIRBeam #1,,16,0,,,,,,,,,,
1105.825,39,Input Transition Off Event,FIRBeam #1,,16,0,,,,,,,,,,
1106.04,38,Input Transition On Event,BIRBeam #1,,16,0,,,,,,,,,,
1106.324,39,Input Transition Off Event,BIRBeam #1,,16,0,,,,,,,,,,
1106.746,38,Input Transition On Event,FIRBeam #1,,16,0,,,,,,,,,,
1107.507,39,Input Transition Off Event,FIRBeam #1,,16,0,,,,,,,,,,
1109.573,38,Input Transition On Event,BIRBeam #1,,16,0,,,,,,,,,,
1109.833,38,Input Transition On Event,Tray #1,,16,0,,,,,,,,,,
1109.834,1,Condition Event,Tray Entry Noted,,16,0,,,,,,,,,,
1109.834,4,Output Off Event,TrayLight #1,,16,0,,,,,,,,,,
1109.834,4,Output Off Event,Sound #1,,16,0,,,,,,,,,,
1109.834,4,Output Off Event,Sound #2,,16,0,,,,,,,,,,
1109.834,4,Output Off Event,Sound #3,,16,0,,,,,,,,,,
1109.834,7,Pulse Output Event,Sound_On #1,,16,1,Duration,0,,,,,,,,
1109.834,21,Group Change Event,Group Change,,16,1,New Group,17,,,,,,,,
1110.106,39,Input Transition Off Event,Tray #1,,17,0,,,,,,,,,,
1110.107,1,Condition Event,Tray Exit Starts Correction Trial,,17,0,,,,,,,,,,
1110.107,16,Variable Event,Total_No_Correction_Trials,,17,1,Value,23,,,,,,,,
1110.107,21,Group Change Event,Group Change,,17,1,New Group,6,,,,,,,,
1110.107,1,Condition Event,Display Images,,6,0,,,,,,,,,,
1110.107,32,Whisker - Display Image,Bussey Mouse Operant Mode 3 x 1 x low,Images,6,2,Position,1,Image 1,0,,,,,,
1110.107,32,Whisker - Display Image,Bussey Mouse Operant Mode 3 x 1 x low,Images,6,2,Position,2,Image 3,2,,,,,,
1110.107,21,Group Change Event,Group Change,,6,1,New Group,7,,,,,,,,
1110.368,39,Input Transition Off Event,BIRBeam #1,,7,0,,,,,,,,,,
1110.635,38,Input Transition On Event,FIRBeam #1,,7,0,,,,,,,,,,
1111.126,39,Input Transition Off Event,FIRBeam #1,,7,0,,,,,,,,,,
1111.668,30,Touch Down Event,Bussey Mouse Operant Mode 3 x 1 x low,,7,4,Position,1,Image 1,0,CoordX,155,CoordY,193,,
1111.669,1,Condition Event,Correct,,7,0,,,,,,,,,,
1111.669,32,Whisker - Display Image,Bussey Mouse Operant Mode 3 x 1 x low,Background,7,2,Position,1,Image 1,0,,,,,,
1111.669,32,Whisker - Display Image,Bussey Mouse Operant Mode 3 x 1 x low,Background,7,2,Position,2,Image 1,0,,,,,,
1111.669,7,Pulse Output Event,Feeder #1,,7,1,Duration,0.28,,,,,,,,
1111.669,3,Output On Event,TrayLight #1,,7,0,,,,,,,,,,
1111.669,16,Variable Event,Correction_Counter,,7,1,Value,0,,,,,,,,
1111.669,21,Group Change Event,Group Change,,7,1,New Group,19,,,,,,,,
1111.669,1,Condition Event,Reset Sound Levels to Zero,,19,0,,,,,,,,,,
1111.669,4,Output Off Event,Sound #1,,19,0,,,,,,,,,,
1111.669,4,Output Off Event,Sound #2,,19,0,,,,,,,,,,
1111.669,4,Output Off Event,Sound #3,,19,0,,,,,,,,,,
1111.669,21,Group Change Event,Group Change,,19,1,New Group,20,,,,,,,,
1111.669,1,Condition Event,Adjust Sound Level 2,,20,0,,,,,,,,,,
1111.669,3,Output On Event,Sound #2,,20,0,,,,,,,,,,
1111.669,1,Condition Event,NoTone Fall Through,,20,0,,,,,,,,,,
1111.669,21,Group Change Event,Group Change,,20,1,New Group,21,,,,,,,,
1111.669,1,Condition Event,Play Tone,,21,0,,,,,,,,,,
1111.669,7,Pulse Output Event,Sound_On #1,,21,1,Duration,1,,,,,,,,
1111.669,21,Group Change Event,Group Change,,21,1,New Group,8,,,,,,,,
1111.669,1,Condition Event,Reset Correction Flag,,8,0,,,,,,,,,,
1111.669,16,Variable Event,Sequential_Correction_Trials,,8,1,Value,0,,,,,,,,
1111.669,16,Variable Event,Correction_Trial_Correct_Counter,,8,1,Value,5,,,,,,,,
1111.669,16,Variable Event,First_Analysis,,8,1,Value,0,,,,,,,,
1111.669,61,Group Maintain Event,Group Change,,8,1,New Group,8,,,,,,,,
1111.728,31,Touch Up Event,Bussey Mouse Operant Mode 3 x 1 x low,,8,4,Position,1,Image 1,0,CoordX,155,CoordY,193,,
1111.996,38,Input Transition On Event,FIRBeam #1,,8,0,,,,,,,,,,
1112.309,39,Input Transition Off Event,FIRBeam #1,,8,0,,,,,,,,,,
1112.483,38,Input Transition On Event,BIRBeam #1,,8,0,,,,,,,,,,
1112.757,38,Input Transition On Event,Tray #1,,8,0,,,,,,,,,,
1112.758,1,Condition Event,Reward Collected Start ITI,,8,0,,,,,,,,,,
1112.758,4,Output Off Event,TrayLight #1,,8,0,,,,,,,,,,
1112.758,29,Timer Event,ITI_Timer,,8,1,Value,0,,,,,,,,
1112.758,21,Group Change Event,Group Change,,8,1,New Group,9,,,,,,,,
1117.052,39,Input Transition Off Event,Tray #1,,9,0,,,,,,,,,,
1117.716,39,Input Transition Off Event,BIRBeam #1,,9,0,,,,,,,,,,
1118.377,38,Input Transition On Event,FIRBeam #1,,9,0,,,,,,,,,,
1123.29,39,Input Transition Off Event,FIRBeam #1,,9,0,,,,,,,,,,
1123.597,38,Input Transition On Event,FIRBeam #1,,9,0,,,,,,,,,,
1125.153,39,Input Transition Off Event,FIRBeam #1,,9,0,,,,,,,,,,
1126.603,30,Touch Down Event,Bussey Mouse Operant Mode 3 x 1 x low,,9,4,Position,1,Image 1,0,CoordX,103,CoordY,110,,
1126.604,1,Condition Event,Left Screen Touches,,9,0,,,,,,,,,,
1126.604,16,Variable Event,Left_Touches_during_ITI,,9,1,Value,48,,,,,,,,
1126.604,61,Group Maintain Event,Group Change,,9,1,New Group,9,,,,,,,,
1126.856,31,Touch Up Event,Bussey Mouse Operant Mode 3 x 1 x low,,9,4,Position,1,Image 1,0,CoordX,138,CoordY,174,,
1128.767,30,Touch Down Event,Bussey Mouse Operant Mode 3 x 1 x low,,9,4,Position,3,Image 1,0,CoordX,107,CoordY,208,,
1128.767,1,Condition Event,Right Screen Touches,,9,0,,,,,,,,,,
1128.767,16,Variable Event,Right_touches_during_ITI,,9,1,Value,34,,,,,,,,
1128.767,61,Group Maintain Event,Group Change,,9,1,New Group,9,,,,,,,,
1129.132,31,Touch Up Event,Bussey Mouse Operant Mode 3 x 1 x low,,9,4,Position,3,Image 1,0,CoordX,96,CoordY,174,,
1132.758,1,Condition Event,Next trial,,9,0,,,,,,,,,,
1132.758,3,Output On Event,TrayLight #1,,9,0,,,,,,,,,,
1132.758,16,Variable Event,First_Trial,,9,1,Value,0,,,,,,,,
1132.758,16,Variable Event,First_Analysis,,9,1,Value,1,,,,,,,,
1132.758,16,Variable Event,ITI,,9,1,Value,20,,,,,,,,
1132.758,21,Group Change Event,Group Change,,9,1,New Group,15,,,,,,,,
1132.758,1,Condition Event,Next trial non corrected Trial,,15,0,,,,,,,,,,
1132.758,19,List Change - Next Value,Trial_Type,,15,2,Index,33,Value,6,,,,,,
1132.758,21,Group Change Event,Group Change,,15,1,New Group,3,,,,,,,,
1134.055,38,Input Transition On Event,FIRBeam #1,,3,0,,,,,,,,,,
1135.395,39,Input Transition Off Event,FIRBeam #1,,3,0,,,,,,,,,,
1136.552,38,Input Transition On Event,FIRBeam #1,,3,0,,,,,,,,,,
1137.134,39,Input Transition Off Event,FIRBeam #1,,3,0,,,,,,,,,,
1137.343,38,Input Transition On Event,BIRBeam #1,,3,0,,,,,,,,,,
1137.903,39,Input Transition Off Event,BIRBeam #1,,3,0,,,,,,,,,,
1138.357,38,Input Transition On Event,FIRBeam #1,,3,0,,,,,,,,,,
1143.045,39,Input Transition Off Event,FIRBeam #1,,3,0,,,,,,,,,,
1143.733,38,Input Transition On Event,FIRBeam #1,,3,0,,,,,,,,,,
1144.058,39,Input Transition Off Event,FIRBeam #1,,3,0,,,,,,,,,,
1144.339,38,Input Transition On Event,FIRBeam #1,,3,0,,,,,,,,,,
1144.482,39,Input Transition Off Event,FIRBeam #1,,3,0,,,,,,,,,,
1147.619,38,Input Transition On Event,FIRBeam #1,,3,0,,,,,,,,,,
1149.023,39,Input Transition Off Event,FIRBeam #1,,3,0,,,,,,,,,,
1149.568,38,Input Transition On Event,FIRBeam #1,,3,0,,,,,,,,,,
1151.743,39,Input Transition Off Event,FIRBeam #1,,3,0,,,,,,,,,,
1152.398,38,Input Transition On Event,FIRBeam #1,,3,0,,,,,,,,,,
1152.624,39,Input Transition Off Event,FIRBeam #1,,3,0,,,,,,,,,,
1152.796,38,Input Transition On Event,FIRBeam #1,,3,0,,,,,,,,,,
1154.384,39,Input Transition Off Event,FIRBeam #1,,3,0,,,,,,,,,,
1156.412,38,Input Transition On Event,FIRBeam #1,,3,0,,,,,,,,,,
1158.737,39,Input Transition Off Event,FIRBeam #1,,3,0,,,,,,,,,,
1159.121,38,Input Transition On Event,BIRBeam #1,,3,0,,,,,,,,,,
1159.382,39,Input Transition Off Event,BIRBeam #1,,3,0,,,,,,,,,,
1159.815,38,Input Transition On Event,BIRBeam #1,,3,0,,,,,,,,,,
1163.695,38,Input Transition On Event,Tray #1,,3,0,,,,,,,,,,
1163.695,1,Condition Event,Tray Entry no Increment Trial,,3,0,,,,,,,,,,
1163.695,4,Output Off Event,TrayLight #1,,3,0,,,,,,,,,,
1163.695,4,Output Off Event,Sound #1,,3,0,,,,,,,,,,
1163.695,4,Output Off Event,Sound #2,,3,0,,,,,,,,,,
1163.695,4,Output Off Event,Sound #3,,3,0,,,,,,,,,,
1163.695,7,Pulse Output Event,Sound_On #1,,3,1,Duration,0,,,,,,,,
1163.695,16,Variable Event,Correction_Trial,,3,1,Value,0,,,,,,,,
1163.695,21,Group Change Event,Group Change,,3,1,New Group,4,,,,,,,,
1163.711,39,Input Transition Off Event,Tray #1,,4,0,,,,,,,,,,
1163.711,1,Condition Event,Start Trial,,4,0,,,,,,,,,,
1163.711,16,Variable Event,Trial,,4,1,Value,6,,,,,,,,
1163.711,21,Group Change Event,Group Change,,4,1,New Group,5,,,,,,,,
1163.711,1,Condition Event,Set for Trial 6,,5,0,,,,,,,,,,
1163.711,16,Variable Event,Correct_Grid_Position,,5,1,Value,3,,,,,,,,
1163.711,16,Variable Event,Correct_Image,,5,1,Value,3,,,,,,,,
1163.711,16,Variable Event,Incorrect_Grid_Position,,5,1,Value,2,,,,,,,,
1163.711,16,Variable Event,Incorrect_Image,,5,1,Value,1,,,,,,,,
1163.711,21,Group Change Event,Group Change,,5,1,New Group,6,,,,,,,,
1163.711,1,Condition Event,Display Images,,6,0,,,,,,,,,,
1163.711,32,Whisker - Display Image,Bussey Mouse Operant Mode 3 x 1 x low,Images,6,2,Position,3,Image 3,2,,,,,,
1163.711,32,Whisker - Display Image,Bussey Mouse Operant Mode 3 x 1 x low,Images,6,2,Position,2,Image 1,0,,,,,,
1163.711,21,Group Change Event,Group Change,,6,1,New Group,7,,,,,,,,
1163.78,38,Input Transition On Event,Tray #1,,7,0,,,,,,,,,,
1165.486,39,Input Transition Off Event,Tray #1,,7,0,,,,,,,,,,
1165.809,39,Input Transition Off Event,BIRBeam #1,,7,0,,,,,,,,,,
1166.093,38,Input Transition On Event,FIRBeam #1,,7,0,,,,,,,,,,
1166.545,30,Touch Down Event,Bussey Mouse Operant Mode 3 x 1 x low,,7,4,Position,3,Image 3,2,CoordX,61,CoordY,202,,
1166.545,1,Condition Event,Correct,,7,0,,,,,,,,,,
1166.545,32,Whisker - Display Image,Bussey Mouse Operant Mode 3 x 1 x low,Background,7,2,Position,3,Image 1,0,,,,,,
1166.545,32,Whisker - Display Image,Bussey Mouse Operant Mode 3 x 1 x low,Background,7,2,Position,2,Image 1,0,,,,,,
1166.545,7,Pulse Output Event,Feeder #1,,7,1,Duration,0.28,,,,,,,,
1166.545,3,Output On Event,TrayLight #1,,7,0,,,,,,,,,,
1166.545,16,Variable Event,Correction_Counter,,7,1,Value,0,,,,,,,,
1166.545,21,Group Change Event,Group Change,,7,1,New Group,19,,,,,,,,
1166.545,1,Condition Event,Reset Sound Levels to Zero,,19,0,,,,,,,,,,
1166.545,4,Output Off Event,Sound #1,,19,0,,,,,,,,,,
1166.545,4,Output Off Event,Sound #2,,19,0,,,,,,,,,,
1166.545,4,Output Off Event,Sound #3,,19,0,,,,,,,,,,
1166.545,21,Group Change Event,Group Change,,19,1,New Group,20,,,,,,,,
1166.545,1,Condition Event,Adjust Sound Level 2,,20,0,,,,,,,,,,
1166.545,3,Output On Event,Sound #2,,20,0,,,,,,,,,,
1166.545,1,Condition Event,NoTone Fall Through,,20,0,,,,,,,,,,
1166.545,21,Group Change Event,Group Change,,20,1,New Group,21,,,,,,,,
1166.545,1,Condition Event,Play Tone,,21,0,,,,,,,,,,
1166.545,7,Pulse Output Event,Sound_On #1,,21,1,Duration,1,,,,,,,,
1166.545,21,Group Change Event,Group Change,,21,1,New Group,8,,,,,,,,
1166.545,1,Condition Event,Increment counter,,8,0,,,,,,,,,,
1166.545,16,Variable Event,Correct_Counter,,8,1,Value,8,,,,,,,,
1166.545,16,Variable Event,First_Analysis,,8,1,Value,0,,,,,,,,
1166.545,61,Group Maintain Event,Group Change,,8,1,New Group,8,,,,,,,,
1166.59,39,Input Transition Off Event,FIRBeam #1,,8,0,,,,,,,,,,
1166.66,31,Touch Up Event,Bussey Mouse Operant Mode 3 x 1 x low,,8,4,Position,3,Image 1,0,CoordX,61,CoordY,193,,
1166.713,38,Input Transition On Event,FIRBeam #1,,8,0,,,,,,,,,,
1166.863,39,Input Transition Off Event,FIRBeam #1,,8,0,,,,,,,,,,
1166.937,38,Input Transition On Event,FIRBeam #1,,8,0,,,,,,,,,,
1167.173,39,Input Transition Off Event,FIRBeam #1,,8,0,,,,,,,,,,
1167.312,38,Input Transition On Event,BIRBeam #1,,8,0,,,,,,,,,,
1167.6,38,Input Transition On Event,Tray #1,,8,0,,,,,,,,,,
1167.6,1,Condition Event,Reward Collected Start ITI,,8,0,,,,,,,,,,
1167.6,4,Output Off Event,TrayLight #1,,8,0,,,,,,,,,,
1167.6,29,Timer Event,ITI_Timer,,8,1,Value,0,,,,,,,,
1167.6,21,Group Change Event,Group Change,,8,1,New Group,9,,,,,,,,
1170.46,39,Input Transition Off Event,Tray #1,,9,0,,,,,,,,,,
1171.029,39,Input Transition Off Event,BIRBeam #1,,9,0,,,,,,,,,,
1171.859,38,Input Transition On Event,FIRBeam #1,,9,0,,,,,,,,,,
1174.97,39,Input Transition Off Event,FIRBeam #1,,9,0,,,,,,,,,,
1177.151,38,Input Transition On Event,FIRBeam #1,,9,0,,,,,,,,,,
1178.618,39,Input Transition Off Event,FIRBeam #1,,9,0,,,,,,,,,,
1178.628,30,Touch Down Event,Bussey Mouse Operant Mode 3 x 1 x low,,9,4,Position,2,Image 1,0,CoordX,166,CoordY,193,,
1178.628,31,Touch Up Event,Bussey Mouse Operant Mode 3 x 1 x low,,9,4,Position,2,Image 1,0,CoordX,166,CoordY,193,,
1178.629,1,Condition Event,Centre Screen Touches,,9,0,,,,,,,,,,
1178.629,16,Variable Event,Centre_Touches_during_ITI,,9,1,Value,23,,,,,,,,
1178.629,61,Group Maintain Event,Group Change,,9,1,New Group,9,,,,,,,,
1182.185,38,Input Transition On Event,FIRBeam #1,,9,0,,,,,,,,,,
1182.756,39,Input Transition Off Event,FIRBeam #1,,9,0,,,,,,,,,,
1184.297,30,Touch Down Event,Bussey Mouse Operant Mode 3 x 1 x low,,9,4,Position,1,Image 1,0,CoordX,85,CoordY,85,,
1184.298,1,Condition Event,Left Screen Touches,,9,0,,,,,,,,,,
1184.298,16,Variable Event,Left_Touches_during_ITI,,9,1,Value,49,,,,,,,,
1184.298,61,Group Maintain Event,Group Change,,9,1,New Group,9,,,,,,,,
1184.693,31,Touch Up Event,Bussey Mouse Operant Mode 3 x 1 x low,,9,4,Position,1,Image 1,0,CoordX,155,CoordY,154,,
1185.719,30,Touch Down Event,Bussey Mouse Operant Mode 3 x 1 x low,,9,4,Position,2,Image 1,0,CoordX,184,CoordY,41,,
1185.719,1,Condition Event,Centre Screen Touches,,9,0,,,,,,,,,,
1185.719,16,Variable Event,Centre_Touches_during_ITI,,9,1,Value,24,,,,,,,,
1185.719,61,Group Maintain Event,Group Change,,9,1,New Group,9,,,,,,,,
1186.181,31,Touch Up Event,Bussey Mouse Operant Mode 3 x 1 x low,,9,4,Position,2,Image 1,0,CoordX,166,CoordY,118,,
1186.529,30,Touch Down Event,Bussey Mouse Operant Mode 3 x 1 x low,,9,4,Position,2,Image 1,0,CoordX,184,CoordY,61,,
1186.529,1,Condition Event,Centre Screen Touches,,9,0,,,,,,,,,,
1186.529,16,Variable Event,Centre_Touches_during_ITI,,9,1,Value,25,,,,,,,,
1186.529,61,Group Maintain Event,Group Change,,9,1,New Group,9,,,,,,,,
1186.912,31,Touch Up Event,Bussey Mouse Operant Mode 3 x 1 x low,,9,4,Position,2,Image 1,0,CoordX,166,CoordY,80,,
1186.951,30,Touch Down Event,Bussey Mouse Operant Mode 3 x 1 x low,,9,4,Position,2,Image 1,0,CoordX,99,CoordY,154,,
1186.951,1,Condition Event,Centre Screen Touches,,9,0,,,,,,,,,,
1186.951,16,Variable Event,Centre_Touches_during_ITI,,9,1,Value,26,,,,,,,,
1186.951,61,Group Maintain Event,Group Change,,9,1,New Group,9,,,,,,,,
1187.048,31,Touch Up Event,Bussey Mouse Operant Mode 3 x 1 x low,,9,4,Position,2,Image 1,0,CoordX,104,CoordY,206,,
1187.356,30,Touch Down Event,Bussey Mouse Operant Mode 3 x 1 x low,,9,4,Position,0,(NoImageOrVideo),-1,CoordX,318,CoordY,555,,
1187.6,1,Condition Event,Next trial,,9,0,,,,,,,,,,
1187.6,3,Output On Event,TrayLight #1,,9,0,,,,,,,,,,
1187.6,16,Variable Event,First_Trial,,9,1,Value,0,,,,,,,,
1187.6,16,Variable Event,First_Analysis,,9,1,Value,1,,,,,,,,
1187.6,16,Variable Event,ITI,,9,1,Value,20,,,,,,,,
1187.6,21,Group Change Event,Group Change,,9,1,New Group,15,,,,,,,,
1187.6,1,Condition Event,Next trial non corrected Trial,,15,0,,,,,,,,,,
1187.6,19,List Change - Next Value,Trial_Type,,15,2,Index,34,Value,6,,,,,,
1187.6,21,Group Change Event,Group Change,,15,1,New Group,3,,,,,,,,
1187.759,31,Touch Up Event,Bussey Mouse Operant Mode 3 x 1 x low,,3,4,Position,2,Image 1,0,CoordX,26,CoordY,212,,
1188.026,38,Input Transition On Event,FIRBeam #1,,3,0,,,,,,,,,,
1188.244,39,Input Transition Off Event,FIRBeam #1,,3,0,,,,,,,,,,
1188.72,38,Input Transition On Event,BIRBeam #1,,3,0,,,,,,,,,,
1191.265,39,Input Transition Off Event,BIRBeam #1,,3,0,,,,,,,,,,
1191.527,38,Input Transition On Event,FIRBeam #1,,3,0,,,,,,,,,,
1192.202,39,Input Transition Off Event,FIRBeam #1,,3,0,,,,,,,,,,
1192.471,38,Input Transition On Event,FIRBeam #1,,3,0,,,,,,,,,,
1192.736,39,Input Transition Off Event,FIRBeam #1,,3,0,,,,,,,,,,
1193.2,38,Input Transition On Event,FIRBeam #1,,3,0,,,,,,,,,,
1193.815,39,Input Transition Off Event,FIRBeam #1,,3,0,,,,,,,,,,
1195.892,38,Input Transition On Event,FIRBeam #1,,3,0,,,,,,,,,,
1196.443,30,Touch Down Event,Bussey Mouse Operant Mode 3 x 1 x low,,3,4,Position,1,Image 1,0,CoordX,155,CoordY,118,,
1196.446,39,Input Transition Off Event,FIRBeam #1,,3,0,,,,,,,,,,
1196.667,38,Input Transition On Event,FIRBeam #1,,3,0,,,,,,,,,,
1196.69,31,Touch Up Event,Bussey Mouse Operant Mode 3 x 1 x low,,3,4,Position,1,Image 1,0,CoordX,155,CoordY,118,,
1197.204,39,Input Transition Off Event,FIRBeam #1,,3,0,,,,,,,,,,
1197.981,38,Input Transition On Event,FIRBeam #1,,3,0,,,,,,,,,,
1198.622,39,Input Transition Off Event,FIRBeam #1,,3,0,,,,,,,,,,
1199.612,38,Input Transition On Event,FIRBeam #1,,3,0,,,,,,,,,,
1200.82,39,Input Transition Off Event,FIRBeam #1,,3,0,,,,,,,,,,
1201.046,38,Input Transition On Event,FIRBeam #1,,3,0,,,,,,,,,,
1201.916,39,Input Transition Off Event,FIRBeam #1,,3,0,,,,,,,,,,
1202.981,38,Input Transition On Event,FIRBeam #1,,3,0,,,,,,,,,,
1203.618,39,Input Transition Off Event,FIRBeam #1,,3,0,,,,,,,,,,
1203.749,38,Input Transition On Event,BIRBeam #1,,3,0,,,,,,,,,,
1204.061,38,Input Transition On Event,Tray #1,,3,0,,,,,,,,,,
1204.062,1,Condition Event,Tray Entry and Trial Increment,,3,0,,,,,,,,,,
1204.062,4,Output Off Event,TrayLight #1,,3,0,,,,,,,,,,
1204.062,4,Output Off Event,Sound #1,,3,0,,,,,,,,,,
1204.062,4,Output Off Event,Sound #2,,3,0,,,,,,,,,,
1204.062,4,Output Off Event,Sound #3,,3,0,,,,,,,,,,
1204.062,7,Pulse Output Event,Sound_On #1,,3,1,Duration,0,,,,,,,,
1204.062,16,Variable Event,_Trial_Counter,,3,1,Value,13,,,,,,,,
1204.062,16,Variable Event,Correct_Percent,,3,1,Value,8,,,,,,,,
1204.062,16,Variable Event,Correct_Percent,,3,1,Value,0.615,,,,,,,,
1204.062,16,Variable Event,Correct_Percent,,3,1,Value,61.538,,,,,,,,
1204.062,21,Group Change Event,Group Change,,3,1,New Group,4,,,,,,,,
1204.104,39,Input Transition Off Event,Tray #1,,4,0,,,,,,,,,,
1204.105,1,Condition Event,Start Trial,,4,0,,,,,,,,,,
1204.105,16,Variable Event,Trial,,4,1,Value,6,,,,,,,,
1204.105,21,Group Change Event,Group Change,,4,1,New Group,5,,,,,,,,
1204.105,1,Condition Event,Set for Trial 6,,5,0,,,,,,,,,,
1204.105,16,Variable Event,Correct_Grid_Position,,5,1,Value,3,,,,,,,,
1204.105,16,Variable Event,Correct_Image,,5,1,Value,3,,,,,,,,
1204.105,16,Variable Event,Incorrect_Grid_Position,,5,1,Value,2,,,,,,,,
1204.105,16,Variable Event,Incorrect_Image,,5,1,Value,1,,,,,,,,
1204.105,21,Group Change Event,Group Change,,5,1,New Group,6,,,,,,,,
1204.105,1,Condition Event,Display Images,,6,0,,,,,,,,,,
1204.105,32,Whisker - Display Image,Bussey Mouse Operant Mode 3 x 1 x low,Images,6,2,Position,3,Image 3,2,,,,,,
1204.105,32,Whisker - Display Image,Bussey Mouse Operant Mode 3 x 1 x low,Images,6,2,Position,2,Image 1,0,,,,,,
1204.105,21,Group Change Event,Group Change,,6,1,New Group,7,,,,,,,,
1204.455,39,Input Transition Off Event,BIRBeam #1,,7,0,,,,,,,,,,
1204.748,38,Input Transition On Event,FIRBeam #1,,7,0,,,,,,,,,,
1205.366,39,Input Transition Off Event,FIRBeam #1,,7,0,,,,,,,,,,
1205.866,30,Touch Down Event,Bussey Mouse Operant Mode 3 x 1 x low,,7,4,Position,3,Image 3,2,CoordX,131,CoordY,198,,
1205.867,1,Condition Event,Correct,,7,0,,,,,,,,,,
1205.867,32,Whisker - Display Image,Bussey Mouse Operant Mode 3 x 1 x low,Background,7,2,Position,3,Image 1,0,,,,,,
1205.867,32,Whisker - Display Image,Bussey Mouse Operant Mode 3 x 1 x low,Background,7,2,Position,2,Image 1,0,,,,,,
1205.867,7,Pulse Output Event,Feeder #1,,7,1,Duration,0.28,,,,,,,,
1205.867,3,Output On Event,TrayLight #1,,7,0,,,,,,,,,,
1205.867,16,Variable Event,Correction_Counter,,7,1,Value,0,,,,,,,,
1205.867,21,Group Change Event,Group Change,,7,1,New Group,19,,,,,,,,
1205.867,1,Condition Event,Reset Sound Levels to Zero,,19,0,,,,,,,,,,
1205.867,4,Output Off Event,Sound #1,,19,0,,,,,,,,,,
1205.867,4,Output Off Event,Sound #2,,19,0,,,,,,,,,,
1205.867,4,Output Off Event,Sound #3,,19,0,,,,,,,,,,
1205.867,21,Group Change Event,Group Change,,19,1,New Group,20,,,,,,,,
1205.867,1,Condition Event,Adjust Sound Level 2,,20,0,,,,,,,,,,
1205.867,3,Output On Event,Sound #2,,20,0,,,,,,,,,,
1205.867,1,Condition Event,NoTone Fall Through,,20,0,,,,,,,,,,
1205.867,21,Group Change Event,Group Change,,20,1,New Group,21,,,,,,,,
1205.867,1,Condition Event,Play Tone,,21,0,,,,,,,,,,
1205.867,7,Pulse Output Event,Sound_On #1,,21,1,Duration,1,,,,,,,,
1205.867,21,Group Change Event,Group Change,,21,1,New Group,8,,,,,,,,
1205.867,1,Condition Event,Increment counter,,8,0,,,,,,,,,,
1205.867,16,Variable Event,Correct_Counter,,8,1,Value,9,,,,,,,,
1205.867,16,Variable Event,First_Analysis,,8,1,Value,0,,,,,,,,
1205.867,61,Group Maintain Event,Group Change,,8,1,New Group,8,,,,,,,,
1205.961,31,Touch Up Event,Bussey Mouse Operant Mode 3 x 1 x low,,8,4,Position,3,Image 1,0,CoordX,114,CoordY,193,,
1205.983,38,Input Transition On Event,FIRBeam #1,,8,0,,,,,,,,,,
1206.181,39,Input Transition Off Event,FIRBeam #1,,8,0,,,,,,,,,,
1206.29,38,Input Transition On Event,FIRBeam #1,,8,0,,,,,,,,,,
1206.519,39,Input Transition Off Event,FIRBeam #1,,8,0,,,,,,,,,,
1206.696,38,Input Transition On Event,BIRBeam #1,,8,0,,,,,,,,,,
1207.014,38,Input Transition On Event,Tray #1,,8,0,,,,,,,,,,
1207.015,1,Condition Event,Reward Collected Start ITI,,8,0,,,,,,,,,,
1207.015,4,Output Off Event,TrayLight #1,,8,0,,,,,,,,,,
1207.015,29,Timer Event,ITI_Timer,,8,1,Value,0,,,,,,,,
1207.015,21,Group Change Event,Group Change,,8,1,New Group,9,,,,,,,,
1210.47,39,Input Transition Off Event,Tray #1,,9,0,,,,,,,,,,
1211.054,39,Input Transition Off Event,BIRBeam #1,,9,0,,,,,,,,,,
1211.694,38,Input Transition On Event,FIRBeam #1,,9,0,,,,,,,,,,
1212.03,39,Input Transition Off Event,FIRBeam #1,,9,0,,,,,,,,,,
1212.397,38,Input Transition On Event,FIRBeam #1,,9,0,,,,,,,,,,
1212.507,39,Input Transition Off Event,FIRBeam #1,,9,0,,,,,,,,,,
1215.694,38,Input Transition On Event,BIRBeam #1,,9,0,,,,,,,,,,
1222.865,38,Input Transition On Event,Tray #1,,9,0,,,,,,,,,,
1224.789,39,Input Transition Off Event,Tray #1,,9,0,,,,,,,,,,
1225.119,39,Input Transition Off Event,BIRBeam #1,,9,0,,,,,,,,,,
1225.584,38,Input Transition On Event,FIRBeam #1,,9,0,,,,,,,,,,
1227.015,1,Condition Event,Next trial,,9,0,,,,,,,,,,
1227.015,3,Output On Event,TrayLight #1,,9,0,,,,,,,,,,
1227.015,16,Variable Event,First_Trial,,9,1,Value,0,,,,,,,,
1227.015,16,Variable Event,First_Analysis,,9,1,Value,1,,,,,,,,
1227.015,16,Variable Event,ITI,,9,1,Value,20,,,,,,,,
1227.015,21,Group Change Event,Group Change,,9,1,New Group,15,,,,,,,,
1227.015,1,Condition Event,Next trial non corrected Trial,,15,0,,,,,,,,,,
1227.015,19,List Change - Next Value,Trial_Type,,15,2,Index,10,Value,2,,,,,,
1227.015,21,Group Change Event,Group Change,,15,1,New Group,3,,,,,,,,
1227.275,39,Input Transition Off Event,FIRBeam #1,,3,0,,,,,,,,,,
1227.556,38,Input Transition On Event,FIRBeam #1,,3,0,,,,,,,,,,
1227.917,39,Input Transition Off Event,FIRBeam #1,,3,0,,,,,,,,,,
1228.075,38,Input Transition On Event,BIRBeam #1,,3,0,,,,,,,,,,
1228.443,38,Input Transition On Event,Tray #1,,3,0,,,,,,,,,,
1228.444,1,Condition Event,Tray Entry and Trial Increment,,3,0,,,,,,,,,,
1228.444,4,Output Off Event,TrayLight #1,,3,0,,,,,,,,,,
1228.444,4,Output Off Event,Sound #1,,3,0,,,,,,,,,,
1228.444,4,Output Off Event,Sound #2,,3,0,,,,,,,,,,
1228.444,4,Output Off Event,Sound #3,,3,0,,,,,,,,,,
1228.444,7,Pulse Output Event,Sound_On #1,,3,1,Duration,0,,,,,,,,
1228.444,16,Variable Event,_Trial_Counter,,3,1,Value,14,,,,,,,,
1228.444,16,Variable Event,Correct_Percent,,3,1,Value,9,,,,,,,,
1228.444,16,Variable Event,Correct_Percent,,3,1,Value,0.643,,,,,,,,
1228.444,16,Variable Event,Correct_Percent,,3,1,Value,64.286,,,,,,,,
1228.444,21,Group Change Event,Group Change,,3,1,New Group,4,,,,,,,,
1228.589,39,Input Transition Off Event,Tray #1,,4,0,,,,,,,,,,
1228.59,1,Condition Event,Start Trial,,4,0,,,,,,,,,,
1228.59,16,Variable Event,Trial,,4,1,Value,2,,,,,,,,
1228.59,21,Group Change Event,Group Change,,4,1,New Group,5,,,,,,,,
1228.59,1,Condition Event,Set for Trial 2,,5,0,,,,,,,,,,
1228.59,16,Variable Event,Correct_Grid_Position,,5,1,Value,1,,,,,,,,
1228.59,16,Variable Event,Correct_Image,,5,1,Value,1,,,,,,,,
1228.59,16,Variable Event,Incorrect_Grid_Position,,5,1,Value,3,,,,,,,,
1228.59,16,Variable Event,Incorrect_Image,,5,1,Value,2,,,,,,,,
1228.59,21,Group Change Event,Group Change,,5,1,New Group,6,,,,,,,,
1228.59,1,Condition Event,Display Images,,6,0,,,,,,,,,,
1228.59,32,Whisker - Display Image,Bussey Mouse Operant Mode 3 x 1 x low,Images,6,2,Position,1,Image 1,0,,,,,,
1228.59,32,Whisker - Display Image,Bussey Mouse Operant Mode 3 x 1 x low,Images,6,2,Position,3,Image 2,1,,,,,,
1228.59,21,Group Change Event,Group Change,,6,1,New Group,7,,,,,,,,
1229.085,39,Input Transition Off Event,BIRBeam #1,,7,0,,,,,,,,,,
1229.553,38,Input Transition On Event,FIRBeam #1,,7,0,,,,,,,,,,
1230.388,39,Input Transition Off Event,FIRBeam #1,,7,0,,,,,,,,,,
1230.962,38,Input Transition On Event,FIRBeam #1,,7,0,,,,,,,,,,
1231.261,39,Input Transition Off Event,FIRBeam #1,,7,0,,,,,,,,,,
1231.386,30,Touch Down Event,Bussey Mouse Operant Mode 3 x 1 x low,,7,4,Position,3,Image 2,1,CoordX,96,CoordY,182,,
1231.387,1,Condition Event,Incorrect,,7,0,,,,,,,,,,
1231.387,32,Whisker - Display Image,Bussey Mouse Operant Mode 3 x 1 x low,Background,7,2,Position,1,Image 1,0,,,,,,
1231.387,32,Whisker - Display Image,Bussey Mouse Operant Mode 3 x 1 x low,Background,7,2,Position,3,Image 1,0,,,,,,
1231.387,3,Output On Event,Sound #1,,7,0,,,,,,,,,,
1231.387,3,Output On Event,Sound #2,,7,0,,,,,,,,,,
1231.387,3,Output On Event,Sound #3,,7,0,,,,,,,,,,
1231.387,7,Pulse Output Event,Sound_On #1,,7,1,Duration,0,,,,,,,,
1231.387,29,Timer Event,Time_Out_Timer,,7,1,Value,0,,,,,,,,
1231.387,21,Group Change Event,Group Change,,7,1,New Group,10,,,,,,,,
1231.387,1,Condition Event,TO Houselight On,,10,0,,,,,,,,,,
1231.387,3,Output On Event,HouseLight #1,,10,0,,,,,,,,,,
1231.387,21,Group Change Event,Group Change,,10,1,New Group,11,,,,,,,,
1231.387,1,Condition Event,Not correcting,,11,0,,,,,,,,,,
1231.387,16,Variable Event,Increment_this_trial,,11,1,Value,1,,,,,,,,
1231.387,21,Group Change Event,Group Change,,11,1,New Group,12,,,,,,,,
1231.387,1,Condition Event,Incorrect Trails to Correction Trial,,12,0,,,,,,,,,,
1231.387,16,Variable Event,Correction_Counter,,12,1,Value,1,,,,,,,,
1231.387,21,Group Change Event,Group Change,,12,1,New Group,18,,,,,,,,
1231.387,1,Condition Event,Change ITI time,,18,0,,,,,,,,,,
1231.387,16,Variable Event,ITI,,18,1,Value,20,,,,,,,,
1231.387,21,Group Change Event,Group Change,,18,1,New Group,13,,,,,,,,
1231.836,31,Touch Up Event,Bussey Mouse Operant Mode 3 x 1 x low,,13,4,Position,3,Image 1,0,CoordX,78,CoordY,154,,
1231.896,30,Touch Down Event,Bussey Mouse Operant Mode 3 x 1 x low,,13,4,Position,0,(NoImageOrVideo),-1,CoordX,627,CoordY,555,,
1232.59,31,Touch Up Event,Bussey Mouse Operant Mode 3 x 1 x low,,13,4,Position,3,Image 1,0,CoordX,61,CoordY,193,,
1233.041,38,Input Transition On Event,FIRBeam #1,,13,0,,,,,,,,,,
1233.207,39,Input Transition Off Event,FIRBeam #1,,13,0,,,,,,,,,,
1233.374,38,Input Transition On Event,FIRBeam #1,,13,0,,,,,,,,,,
1235.239,39,Input Transition Off Event,FIRBeam #1,,13,0,,,,,,,,,,
1235.434,30,Touch Down Event,Bussey Mouse Operant Mode 3 x 1 x low,,13,4,Position,2,Image 1,0,CoordX,202,CoordY,193,,
1235.511,31,Touch Up Event,Bussey Mouse Operant Mode 3 x 1 x low,,13,4,Position,2,Image 1,0,CoordX,202,CoordY,174,,
1235.698,38,Input Transition On Event,FIRBeam #1,,13,0,,,,,,,,,,
1236.387,1,Condition Event,Time Out End,,13,0,,,,,,,,,,
1236.387,29,Timer Event,ITI_Timer,,13,1,Value,0,,,,,,,,
1236.387,21,Group Change Event,Group Change,,13,1,New Group,14,,,,,,,,
1236.387,1,Condition Event,Reset Houselight off,,14,0,,,,,,,,,,
1236.387,4,Output Off Event,HouseLight #1,,14,0,,,,,,,,,,
1236.387,21,Group Change Event,Group Change,,14,1,New Group,9,,,,,,,,
1237.888,39,Input Transition Off Event,FIRBeam #1,,9,0,,,,,,,,,,
1238.35,38,Input Transition On Event,FIRBeam #1,,9,0,,,,,,,,,,
1238.451,39,Input Transition Off Event,FIRBeam #1,,9,0,,,,,,,,,,
1239.014,30,Touch Down Event,Bussey Mouse Operant Mode 3 x 1 x low,,9,4,Position,0,(NoImageOrVideo),-1,CoordX,730,CoordY,555,,
1239.323,31,Touch Up Event,Bussey Mouse Operant Mode 3 x 1 x low,,9,4,Position,3,Image 1,0,CoordX,131,CoordY,212,,
1256.387,1,Condition Event,Next trial,,9,0,,,,,,,,,,
1256.387,3,Output On Event,TrayLight #1,,9,0,,,,,,,,,,
1256.387,16,Variable Event,First_Trial,,9,1,Value,0,,,,,,,,
1256.387,16,Variable Event,First_Analysis,,9,1,Value,1,,,,,,,,
1256.387,16,Variable Event,ITI,,9,1,Value,20,,,,,,,,
1256.387,21,Group Change Event,Group Change,,9,1,New Group,15,,,,,,,,
1256.387,1,Condition Event,Start Correction Trial,,15,0,,,,,,,,,,
1256.387,16,Variable Event,Correction_Trial,,15,1,Value,1,,,,,,,,
1256.387,21,Group Change Event,Group Change,,15,1,New Group,16,,,,,,,,
1256.796,38,Input Transition On Event,FIRBeam #1,,16,0,,,,,,,,,,
1257.387,39,Input Transition Off Event,FIRBeam #1,,16,0,,,,,,,,,,
1258.162,38,Input Transition On Event,FIRBeam #1,,16,0,,,,,,,,,,
1258.675,39,Input Transition Off Event,FIRBeam #1,,16,0,,,,,,,,,,
1258.914,38,Input Transition On Event,FIRBeam #1,,16,0,,,,,,,,,,
1259.789,39,Input Transition Off Event,FIRBeam #1,,16,0,,,,,,,,,,
1259.929,38,Input Transition On Event,BIRBeam #1,,16,0,,,,,,,,,,
1261.034,39,Input Transition Off Event,BIRBeam #1,,16,0,,,,,,,,,,
1262.466,38,Input Transition On Event,BIRBeam #1,,16,0,,,,,,,,,,
1263.411,38,Input Transition On Event,Tray #1,,16,0,,,,,,,,,,
1263.411,1,Condition Event,Tray Entry Noted Trial Increment,,16,0,,,,,,,,,,
1263.411,4,Output Off Event,TrayLight #1,,16,0,,,,,,,,,,
1263.411,4,Output Off Event,Sound #1,,16,0,,,,,,,,,,
1263.411,4,Output Off Event,Sound #2,,16,0,,,,,,,,,,
1263.411,4,Output Off Event,Sound #3,,16,0,,,,,,,,,,
1263.411,7,Pulse Output Event,Sound_On #1,,16,1,Duration,0,,,,,,,,
1263.411,16,Variable Event,_Trial_Counter,,16,1,Value,15,,,,,,,,
1263.411,16,Variable Event,Correct_Percent,,16,1,Value,9,,,,,,,,
1263.411,16,Variable Event,Correct_Percent,,16,1,Value,0.6,,,,,,,,
1263.411,16,Variable Event,Correct_Percent,,16,1,Value,60,,,,,,,,
1263.411,21,Group Change Event,Group Change,,16,1,New Group,17,,,,,,,,
1263.499,39,Input Transition Off Event,Tray #1,,17,0,,,,,,,,,,
1263.499,1,Condition Event,Tray Exit Starts Correction Trial,,17,0,,,,,,,,,,
1263.499,16,Variable Event,Total_No_Correction_Trials,,17,1,Value,24,,,,,,,,
1263.499,21,Group Change Event,Group Change,,17,1,New Group,6,,,,,,,,
1263.499,1,Condition Event,Display Images,,6,0,,,,,,,,,,
1263.499,32,Whisker - Display Image,Bussey Mouse Operant Mode 3 x 1 x low,Images,6,2,Position,1,Image 1,0,,,,,,
1263.499,32,Whisker - Display Image,Bussey Mouse Operant Mode 3 x 1 x low,Images,6,2,Position,3,Image 2,1,,,,,,
1263.499,21,Group Change Event,Group Change,,6,1,New Group,7,,,,,,,,
1263.627,38,Input Transition On Event,Tray #1,,7,0,,,,,,,,,,
1263.948,39,Input Transition Off Event,Tray #1,,7,0,,,,,,,,,,
1264.213,39,Input Transition Off Event,BIRBeam #1,,7,0,,,,,,,,,,
1264.487,38,Input Transition On Event,FIRBeam #1,,7,0,,,,,,,,,,
1266.105,39,Input Transition Off Event,FIRBeam #1,,7,0,,,,,,,,,,
1266.273,30,Touch Down Event,Bussey Mouse Operant Mode 3 x 1 x low,,7,4,Position,3,Image 2,1,CoordX,61,CoordY,143,,
1266.273,1,Condition Event,Incorrect,,7,0,,,,,,,,,,
1266.273,32,Whisker - Display Image,Bussey Mouse Operant Mode 3 x 1 x low,Background,7,2,Position,1,Image 1,0,,,,,,
1266.273,32,Whisker - Display Image,Bussey Mouse Operant Mode 3 x 1 x low,Background,7,2,Position,3,Image 1,0,,,,,,
1266.273,3,Output On Event,Sound #1,,7,0,,,,,,,,,,
1266.273,3,Output On Event,Sound #2,,7,0,,,,,,,,,,
1266.273,3,Output On Event,Sound #3,,7,0,,,,,,,,,,
1266.273,7,Pulse Output Event,Sound_On #1,,7,1,Duration,0,,,,,,,,
1266.273,29,Timer Event,Time_Out_Timer,,7,1,Value,0,,,,,,,,
1266.273,21,Group Change Event,Group Change,,7,1,New Group,10,,,,,,,,
1266.274,1,Condition Event,TO Houselight On,,10,0,,,,,,,,,,
1266.274,3,Output On Event,HouseLight #1,,10,0,,,,,,,,,,
1266.274,21,Group Change Event,Group Change,,10,1,New Group,11,,,,,,,,
1266.274,1,Condition Event,Sequential Correction Trials,,11,0,,,,,,,,,,
1266.274,16,Variable Event,Sequential_Correction_Trials,,11,1,Value,1,,,,,,,,
1266.274,16,Variable Event,Increment_this_trial,,11,1,Value,0,,,,,,,,
1266.274,21,Group Change Event,Group Change,,11,1,New Group,12,,,,,,,,
1266.274,1,Condition Event,Incorrect Trails to Correction Trial,,12,0,,,,,,,,,,
1266.274,16,Variable Event,Correction_Counter,,12,1,Value,2,,,,,,,,
1266.274,21,Group Change Event,Group Change,,12,1,New Group,18,,,,,,,,
1266.274,1,Condition Event,Change ITI time,,18,0,,,,,,,,,,
1266.274,16,Variable Event,ITI,,18,1,Value,20,,,,,,,,
1266.274,21,Group Change Event,Group Change,,18,1,New Group,13,,,,,,,,
1266.37,31,Touch Up Event,Bussey Mouse Operant Mode 3 x 1 x low,,13,4,Position,3,Image 1,0,CoordX,61,CoordY,144,,
1266.47,38,Input Transition On Event,FIRBeam #1,,13,0,,,,,,,,,,
1266.702,39,Input Transition Off Event,FIRBeam #1,,13,0,,,,,,,,,,
1271.273,1,Condition Event,Time Out End,,13,0,,,,,,,,,,
1271.273,29,Timer Event,ITI_Timer,,13,1,Value,0,,,,,,,,
1271.273,21,Group Change Event,Group Change,,13,1,New Group,14,,,,,,,,
1271.274,1,Condition Event,Reset Houselight off,,14,0,,,,,,,,,,
1271.274,4,Output Off Event,HouseLight #1,,14,0,,,,,,,,,,
1271.274,21,Group Change Event,Group Change,,14,1,New Group,9,,,,,,,,
1271.745,30,Touch Down Event,Bussey Mouse Operant Mode 3 x 1 x low,,9,4,Position,1,Image 1,0,CoordX,138,CoordY,197,,
1271.746,1,Condition Event,Left Screen Touches,,9,0,,,,,,,,,,
1271.746,16,Variable Event,Left_Touches_during_ITI,,9,1,Value,50,,,,,,,,
1271.746,61,Group Maintain Event,Group Change,,9,1,New Group,9,,,,,,,,
1273.48,31,Touch Up Event,Bussey Mouse Operant Mode 3 x 1 x low,,9,4,Position,0,(NoImageOrVideo),-1,CoordX,79,CoordY,575,,
1273.539,30,Touch Down Event,Bussey Mouse Operant Mode 3 x 1 x low,,9,4,Position,1,Image 1,0,CoordX,36,CoordY,212,,
1273.54,1,Condition Event,Left Screen Touches,,9,0,,,,,,,,,,
1273.54,16,Variable Event,Left_Touches_during_ITI,,9,1,Value,51,,,,,,,,
1273.54,61,Group Maintain Event,Group Change,,9,1,New Group,9,,,,,,,,
1273.577,31,Touch Up Event,Bussey Mouse Operant Mode 3 x 1 x low,,9,4,Position,1,Image 1,0,CoordX,36,CoordY,212,,
1277.051,38,Input Transition On Event,FIRBeam #1,,9,0,,,,,,,,,,
1277.249,39,Input Transition Off Event,FIRBeam #1,,9,0,,,,,,,,,,
1277.989,38,Input Transition On Event,FIRBeam #1,,9,0,,,,,,,,,,
1278.446,39,Input Transition Off Event,FIRBeam #1,,9,0,,,,,,,,,,
1278.509,38,Input Transition On Event,FIRBeam #1,,9,0,,,,,,,,,,
1280.134,39,Input Transition Off Event,FIRBeam #1,,9,0,,,,,,,,,,
1280.383,38,Input Transition On Event,BIRBeam #1,,9,0,,,,,,,,,,
1280.868,39,Input Transition Off Event,BIRBeam #1,,9,0,,,,,,,,,,
1282.808,38,Input Transition On Event,FIRBeam #1,,9,0,,,,,,,,,,
1283.572,39,Input Transition Off Event,FIRBeam #1,,9,0,,,,,,,,,,
1283.652,38,Input Transition On Event,FIRBeam #1,,9,0,,,,,,,,,,
1283.896,39,Input Transition Off Event,FIRBeam #1,,9,0,,,,,,,,,,
1284.292,38,Input Transition On Event,FIRBeam #1,,9,0,,,,,,,,,,
1285.658,39,Input Transition Off Event,FIRBeam #1,,9,0,,,,,,,,,,
1287.693,38,Input Transition On Event,FIRBeam #1,,9,0,,,,,,,,,,
1288.08,39,Input Transition Off Event,FIRBeam #1,,9,0,,,,,,,,,,
1288.401,38,Input Transition On Event,BIRBeam #1,,9,0,,,,,,,,,,
1289.772,38,Input Transition On Event,Tray #1,,9,0,,,,,,,,,,
1289.795,39,Input Transition Off Event,Tray #1,,9,0,,,,,,,,,,
1290.22,39,Input Transition Off Event,BIRBeam #1,,9,0,,,,,,,,,,
1291.273,1,Condition Event,Next trial,,9,0,,,,,,,,,,
1291.273,3,Output On Event,TrayLight #1,,9,0,,,,,,,,,,
1291.273,16,Variable Event,First_Trial,,9,1,Value,0,,,,,,,,
1291.273,16,Variable Event,First_Analysis,,9,1,Value,1,,,,,,,,
1291.273,16,Variable Event,ITI,,9,1,Value,20,,,,,,,,
1291.273,21,Group Change Event,Group Change,,9,1,New Group,15,,,,,,,,
1291.274,1,Condition Event,Start Correction Trial,,15,0,,,,,,,,,,
1291.274,16,Variable Event,Correction_Trial,,15,1,Value,1,,,,,,,,
1291.274,21,Group Change Event,Group Change,,15,1,New Group,16,,,,,,,,
1292.16,38,Input Transition On Event,BIRBeam #1,,16,0,,,,,,,,,,
1293.09,39,Input Transition Off Event,BIRBeam #1,,16,0,,,,,,,,,,
1293.671,38,Input Transition On Event,FIRBeam #1,,16,0,,,,,,,,,,
1297.246,39,Input Transition Off Event,FIRBeam #1,,16,0,,,,,,,,,,
1297.958,38,Input Transition On Event,FIRBeam #1,,16,0,,,,,,,,,,
1298.288,39,Input Transition Off Event,FIRBeam #1,,16,0,,,,,,,,,,
1298.529,38,Input Transition On Event,FIRBeam #1,,16,0,,,,,,,,,,
1298.598,39,Input Transition Off Event,FIRBeam #1,,16,0,,,,,,,,,,
1298.971,38,Input Transition On Event,FIRBeam #1,,16,0,,,,,,,,,,
1299.215,39,Input Transition Off Event,FIRBeam #1,,16,0,,,,,,,,,,
1300.093,38,Input Transition On Event,FIRBeam #1,,16,0,,,,,,,,,,
1300.326,39,Input Transition Off Event,FIRBeam #1,,16,0,,,,,,,,,,
1301.525,38,Input Transition On Event,FIRBeam #1,,16,0,,,,,,,,,,
1302.712,39,Input Transition Off Event,FIRBeam #1,,16,0,,,,,,,,,,
1303.337,38,Input Transition On Event,FIRBeam #1,,16,0,,,,,,,,,,
1315.144,39,Input Transition Off Event,FIRBeam #1,,16,0,,,,,,,,,,
1316.676,38,Input Transition On Event,FIRBeam #1,,16,0,,,,,,,,,,
1317.026,39,Input Transition Off Event,FIRBeam #1,,16,0,,,,,,,,,,
1317.262,38,Input Transition On Event,FIRBeam #1,,16,0,,,,,,,,,,
1317.422,39,Input Transition Off Event,FIRBeam #1,,16,0,,,,,,,,,,
1319.25,38,Input Transition On Event,FIRBeam #1,,16,0,,,,,,,,,,
1319.377,39,Input Transition Off Event,FIRBeam #1,,16,0,,,,,,,,,,
1319.471,38,Input Transition On Event,FIRBeam #1,,16,0,,,,,,,,,,
1319.931,39,Input Transition Off Event,FIRBeam #1,,16,0,,,,,,,,,,
1320.352,38,Input Transition On Event,FIRBeam #1,,16,0,,,,,,,,,,
1320.706,39,Input Transition Off Event,FIRBeam #1,,16,0,,,,,,,,,,
1321.153,38,Input Transition On Event,FIRBeam #1,,16,0,,,,,,,,,,
1321.426,39,Input Transition Off Event,FIRBeam #1,,16,0,,,,,,,,,,
1324.428,38,Input Transition On Event,FIRBeam #1,,16,0,,,,,,,,,,
1324.554,39,Input Transition Off Event,FIRBeam #1,,16,0,,,,,,,,,,
1324.62,38,Input Transition On Event,FIRBeam #1,,16,0,,,,,,,,,,
1328.286,39,Input Transition Off Event,FIRBeam #1,,16,0,,,,,,,,,,
1328.946,38,Input Transition On Event,FIRBeam #1,,16,0,,,,,,,,,,
1329.302,39,Input Transition Off Event,FIRBeam #1,,16,0,,,,,,,,,,
1330.765,38,Input Transition On Event,FIRBeam #1,,16,0,,,,,,,,,,
1331.081,39,Input Transition Off Event,FIRBeam #1,,16,0,,,,,,,,,,
1331.629,38,Input Transition On Event,FIRBeam #1,,16,0,,,,,,,,,,
1332.728,39,Input Transition Off Event,FIRBeam #1,,16,0,,,,,,,,,,
1332.825,30,Touch Down Event,Bussey Mouse Operant Mode 3 x 1 x low,,16,4,Position,2,Image 1,0,CoordX,184,CoordY,99,,
1333.113,31,Touch Up Event,Bussey Mouse Operant Mode 3 x 1 x low,,16,4,Position,2,Image 1,0,CoordX,184,CoordY,99,,
1334.438,38,Input Transition On Event,FIRBeam #1,,16,0,,,,,,,,,,
1334.682,39,Input Transition Off Event,FIRBeam #1,,16,0,,,,,,,,,,
1334.808,38,Input Transition On Event,BIRBeam #1,,16,0,,,,,,,,,,
1335.218,39,Input Transition Off Event,BIRBeam #1,,16,0,,,,,,,,,,
1335.71,38,Input Transition On Event,FIRBeam #1,,16,0,,,,,,,,,,
1337.868,39,Input Transition Off Event,FIRBeam #1,,16,0,,,,,,,,,,
1339.303,38,Input Transition On Event,FIRBeam #1,,16,0,,,,,,,,,,
1340.634,39,Input Transition Off Event,FIRBeam #1,,16,0,,,,,,,,,,
1341.495,38,Input Transition On Event,FIRBeam #1,,16,0,,,,,,,,,,
1343.601,39,Input Transition Off Event,FIRBeam #1,,16,0,,,,,,,,,,
1344.497,30,Touch Down Event,Bussey Mouse Operant Mode 3 x 1 x low,,16,4,Position,3,Image 1,0,CoordX,114,CoordY,182,,
1344.711,31,Touch Up Event,Bussey Mouse Operant Mode 3 x 1 x low,,16,4,Position,3,Image 1,0,CoordX,96,CoordY,174,,
1344.847,38,Input Transition On Event,FIRBeam #1,,16,0,,,,,,,,,,
1345.013,39,Input Transition Off Event,FIRBeam #1,,16,0,,,,,,,,,,
1345.137,38,Input Transition On Event,FIRBeam #1,,16,0,,,,,,,,,,
1346.21,39,Input Transition Off Event,FIRBeam #1,,16,0,,,,,,,,,,
1346.445,38,Input Transition On Event,BIRBeam #1,,16,0,,,,,,,,,,
1346.769,39,Input Transition Off Event,BIRBeam #1,,16,0,,,,,,,,,,
1347.783,38,Input Transition On Event,FIRBeam #1,,16,0,,,,,,,,,,
1348.13,39,Input Transition Off Event,FIRBeam #1,,16,0,,,,,,,,,,
1348.222,38,Input Transition On Event,FIRBeam #1,,16,0,,,,,,,,,,
1350.372,39,Input Transition Off Event,FIRBeam #1,,16,0,,,,,,,,,,
1352.262,30,Touch Down Event,Bussey Mouse Operant Mode 3 x 1 x low,,16,4,Position,2,Image 1,0,CoordX,134,CoordY,212,,
1352.359,31,Touch Up Event,Bussey Mouse Operant Mode 3 x 1 x low,,16,4,Position,2,Image 1,0,CoordX,134,CoordY,212,,
1352.809,38,Input Transition On Event,FIRBeam #1,,16,0,,,,,,,,,,
1354.344,39,Input Transition Off Event,FIRBeam #1,,16,0,,,,,,,,,,
1354.668,38,Input Transition On Event,BIRBeam #1,,16,0,,,,,,,,,,
1355.199,39,Input Transition Off Event,BIRBeam #1,,16,0,,,,,,,,,,
1357.196,38,Input Transition On Event,BIRBeam #1,,16,0,,,,,,,,,,
1357.934,39,Input Transition Off Event,BIRBeam #1,,16,0,,,,,,,,,,
1358.265,38,Input Transition On Event,FIRBeam #1,,16,0,,,,,,,,,,
1360.073,39,Input Transition Off Event,FIRBeam #1,,16,0,,,,,,,,,,
1360.532,38,Input Transition On Event,FIRBeam #1,,16,0,,,,,,,,,,
1373.873,39,Input Transition Off Event,FIRBeam #1,,16,0,,,,,,,,,,
1374.016,38,Input Transition On Event,FIRBeam #1,,16,0,,,,,,,,,,
1383.651,39,Input Transition Off Event,FIRBeam #1,,16,0,,,,,,,,,,
1383.719,38,Input Transition On Event,FIRBeam #1,,16,0,,,,,,,,,,
1385.33,39,Input Transition Off Event,FIRBeam #1,,16,0,,,,,,,,,,
1385.625,38,Input Transition On Event,FIRBeam #1,,16,0,,,,,,,,,,
1386.819,39,Input Transition Off Event,FIRBeam #1,,16,0,,,,,,,,,,
1388.461,38,Input Transition On Event,FIRBeam #1,,16,0,,,,,,,,,,
1389.253,39,Input Transition Off Event,FIRBeam #1,,16,0,,,,,,,,,,
1389.798,38,Input Transition On Event,FIRBeam #1,,16,0,,,,,,,,,,
1389.964,39,Input Transition Off Event,FIRBeam #1,,16,0,,,,,,,,,,
1390.091,38,Input Transition On Event,FIRBeam #1,,16,0,,,,,,,,,,
1392.151,39,Input Transition Off Event,FIRBeam #1,,16,0,,,,,,,,,,
1392.306,38,Input Transition On Event,FIRBeam #1,,16,0,,,,,,,,,,
1393.138,39,Input Transition Off Event,FIRBeam #1,,16,0,,,,,,,,,,
1393.433,38,Input Transition On Event,BIRBeam #1,,16,0,,,,,,,,,,
1394.414,39,Input Transition Off Event,BIRBeam #1,,16,0,,,,,,,,,,
1395.754,38,Input Transition On Event,BIRBeam #1,,16,0,,,,,,,,,,
1397.673,38,Input Transition On Event,Tray #1,,16,0,,,,,,,,,,
1397.673,1,Condition Event,Tray Entry Noted,,16,0,,,,,,,,,,
1397.673,4,Output Off Event,TrayLight #1,,16,0,,,,,,,,,,
1397.673,4,Output Off Event,Sound #1,,16,0,,,,,,,,,,
1397.673,4,Output Off Event,Sound #2,,16,0,,,,,,,,,,
1397.673,4,Output Off Event,Sound #3,,16,0,,,,,,,,,,
1397.673,7,Pulse Output Event,Sound_On #1,,16,1,Duration,0,,,,,,,,
1397.673,21,Group Change Event,Group Change,,16,1,New Group,17,,,,,,,,
1398.663,39,Input Transition Off Event,Tray #1,,17,0,,,,,,,,,,
1398.663,1,Condition Event,Tray Exit Starts Correction Trial,,17,0,,,,,,,,,,
1398.663,16,Variable Event,Total_No_Correction_Trials,,17,1,Value,25,,,,,,,,
1398.663,21,Group Change Event,Group Change,,17,1,New Group,6,,,,,,,,
1398.663,1,Condition Event,Display Images,,6,0,,,,,,,,,,
1398.663,32,Whisker - Display Image,Bussey Mouse Operant Mode 3 x 1 x low,Images,6,2,Position,1,Image 1,0,,,,,,
1398.663,32,Whisker - Display Image,Bussey Mouse Operant Mode 3 x 1 x low,Images,6,2,Position,3,Image 2,1,,,,,,
1398.663,21,Group Change Event,Group Change,,6,1,New Group,7,,,,,,,,
1399.79,39,Input Transition Off Event,BIRBeam #1,,7,0,,,,,,,,,,
1400.081,38,Input Transition On Event,FIRBeam #1,,7,0,,,,,,,,,,
1401.08,39,Input Transition Off Event,FIRBeam #1,,7,0,,,,,,,,,,
1401.202,30,Touch Down Event,Bussey Mouse Operant Mode 3 x 1 x low,,7,4,Position,3,Image 2,1,CoordX,146,CoordY,193,,
1401.202,1,Condition Event,Incorrect,,7,0,,,,,,,,,,
1401.202,32,Whisker - Display Image,Bussey Mouse Operant Mode 3 x 1 x low,Background,7,2,Position,1,Image 1,0,,,,,,
1401.202,32,Whisker - Display Image,Bussey Mouse Operant Mode 3 x 1 x low,Background,7,2,Position,3,Image 1,0,,,,,,
1401.202,3,Output On Event,Sound #1,,7,0,,,,,,,,,,
1401.202,3,Output On Event,Sound #2,,7,0,,,,,,,,,,
1401.202,3,Output On Event,Sound #3,,7,0,,,,,,,,,,
1401.202,7,Pulse Output Event,Sound_On #1,,7,1,Duration,0,,,,,,,,
1401.202,29,Timer Event,Time_Out_Timer,,7,1,Value,0,,,,,,,,
1401.202,21,Group Change Event,Group Change,,7,1,New Group,10,,,,,,,,
1401.202,1,Condition Event,TO Houselight On,,10,0,,,,,,,,,,
1401.202,3,Output On Event,HouseLight #1,,10,0,,,,,,,,,,
1401.202,21,Group Change Event,Group Change,,10,1,New Group,11,,,,,,,,
1401.202,1,Condition Event,Sequential Correction Trials,,11,0,,,,,,,,,,
1401.202,16,Variable Event,Sequential_Correction_Trials,,11,1,Value,2,,,,,,,,
1401.202,16,Variable Event,Increment_this_trial,,11,1,Value,0,,,,,,,,
1401.202,21,Group Change Event,Group Change,,11,1,New Group,12,,,,,,,,
1401.202,1,Condition Event,Incorrect Trails to Correction Trial,,12,0,,,,,,,,,,
1401.202,16,Variable Event,Correction_Counter,,12,1,Value,3,,,,,,,,
1401.202,21,Group Change Event,Group Change,,12,1,New Group,18,,,,,,,,
1401.202,1,Condition Event,Change ITI time,,18,0,,,,,,,,,,
1401.202,16,Variable Event,ITI,,18,1,Value,20,,,,,,,,
1401.202,21,Group Change Event,Group Change,,18,1,New Group,13,,,,,,,,
1401.335,31,Touch Up Event,Bussey Mouse Operant Mode 3 x 1 x low,,13,4,Position,3,Image 1,0,CoordX,96,CoordY,174,,
1402.781,38,Input Transition On Event,FIRBeam #1,,13,0,,,,,,,,,,
1403.189,39,Input Transition Off Event,FIRBeam #1,,13,0,,,,,,,,,,
1404.158,38,Input Transition On Event,BIRBeam #1,,13,0,,,,,,,,,,
1404.425,38,Input Transition On Event,Tray #1,,13,0,,,,,,,,,,
1404.559,39,Input Transition Off Event,Tray #1,,13,0,,,,,,,,,,
1404.612,38,Input Transition On Event,Tray #1,,13,0,,,,,,,,,,
1405.482,39,Input Transition Off Event,Tray #1,,13,0,,,,,,,,,,
1406.202,1,Condition Event,Time Out End,,13,0,,,,,,,,,,
1406.202,29,Timer Event,ITI_Timer,,13,1,Value,0,,,,,,,,
1406.202,21,Group Change Event,Group Change,,13,1,New Group,14,,,,,,,,
1406.202,1,Condition Event,Reset Houselight off,,14,0,,,,,,,,,,
1406.202,4,Output Off Event,HouseLight #1,,14,0,,,,,,,,,,
1406.202,21,Group Change Event,Group Change,,14,1,New Group,9,,,,,,,,
1408.064,38,Input Transition On Event,Tray #1,,9,0,,,,,,,,,,
1408.365,39,Input Transition Off Event,Tray #1,,9,0,,,,,,,,,,
1409.589,38,Input Transition On Event,Tray #1,,9,0,,,,,,,,,,
1409.631,39,Input Transition Off Event,Tray #1,,9,0,,,,,,,,,,
1409.828,38,Input Transition On Event,Tray #1,,9,0,,,,,,,,,,
1409.962,39,Input Transition Off Event,Tray #1,,9,0,,,,,,,,,,
1413.065,38,Input Transition On Event,Tray #1,,9,0,,,,,,,,,,
1413.189,39,Input Transition Off Event,Tray #1,,9,0,,,,,,,,,,
1417.59,38,Input Transition On Event,Tray #1,,9,0,,,,,,,,,,
1419.029,39,Input Transition Off Event,Tray #1,,9,0,,,,,,,,,,
1419.26,38,Input Transition On Event,Tray #1,,9,0,,,,,,,,,,
1421.435,39,Input Transition Off Event,Tray #1,,9,0,,,,,,,,,,
1422.591,38,Input Transition On Event,Tray #1,,9,0,,,,,,,,,,
1422.969,39,Input Transition Off Event,Tray #1,,9,0,,,,,,,,,,
1423.03,38,Input Transition On Event,Tray #1,,9,0,,,,,,,,,,
1423.95,39,Input Transition Off Event,Tray #1,,9,0,,,,,,,,,,
1424.533,39,Input Transition Off Event,BIRBeam #1,,9,0,,,,,,,,,,
1425.004,38,Input Transition On Event,FIRBeam #1,,9,0,,,,,,,,,,
1425.607,39,Input Transition Off Event,FIRBeam #1,,9,0,,,,,,,,,,
1426.202,1,Condition Event,Next trial,,9,0,,,,,,,,,,
1426.202,3,Output On Event,TrayLight #1,,9,0,,,,,,,,,,
1426.202,16,Variable Event,First_Trial,,9,1,Value,0,,,,,,,,
1426.202,16,Variable Event,First_Analysis,,9,1,Value,1,,,,,,,,
1426.202,16,Variable Event,ITI,,9,1,Value,20,,,,,,,,
1426.202,21,Group Change Event,Group Change,,9,1,New Group,15,,,,,,,,
1426.202,1,Condition Event,Start Correction Trial,,15,0,,,,,,,,,,
1426.202,16,Variable Event,Correction_Trial,,15,1,Value,1,,,,,,,,
1426.202,21,Group Change Event,Group Change,,15,1,New Group,16,,,,,,,,
1426.272,38,Input Transition On Event,FIRBeam #1,,16,0,,,,,,,,,,
1428.729,39,Input Transition Off Event,FIRBeam #1,,16,0,,,,,,,,,,
1429.297,38,Input Transition On Event,FIRBeam #1,,16,0,,,,,,,,,,
1429.69,39,Input Transition Off Event,FIRBeam #1,,16,0,,,,,,,,,,
1430.253,38,Input Transition On Event,FIRBeam #1,,16,0,,,,,,,,,,
1432.818,39,Input Transition Off Event,FIRBeam #1,,16,0,,,,,,,,,,
1433.614,30,Touch Down Event,Bussey Mouse Operant Mode 3 x 1 x low,,16,4,Position,1,Image 1,0,CoordX,103,CoordY,154,,
1433.811,31,Touch Up Event,Bussey Mouse Operant Mode 3 x 1 x low,,16,4,Position,1,Image 1,0,CoordX,138,CoordY,154,,
1434.805,30,Touch Down Event,Bussey Mouse Operant Mode 3 x 1 x low,,16,4,Position,1,Image 1,0,CoordX,36,CoordY,148,,
1435.635,31,Touch Up Event,Bussey Mouse Operant Mode 3 x 1 x low,,16,4,Position,1,Image 1,0,CoordX,36,CoordY,118,,
1436.119,38,Input Transition On Event,FIRBeam #1,,16,0,,,,,,,,,,
1436.604,39,Input Transition Off Event,FIRBeam #1,,16,0,,,,,,,,,,
1436.755,38,Input Transition On Event,BIRBeam #1,,16,0,,,,,,,,,,
1437.062,38,Input Transition On Event,Tray #1,,16,0,,,,,,,,,,
1437.062,1,Condition Event,Tray Entry Noted,,16,0,,,,,,,,,,
1437.062,4,Output Off Event,TrayLight #1,,16,0,,,,,,,,,,
1437.062,4,Output Off Event,Sound #1,,16,0,,,,,,,,,,
1437.062,4,Output Off Event,Sound #2,,16,0,,,,,,,,,,
1437.062,4,Output Off Event,Sound #3,,16,0,,,,,,,,,,
1437.062,7,Pulse Output Event,Sound_On #1,,16,1,Duration,0,,,,,,,,
1437.062,21,Group Change Event,Group Change,,16,1,New Group,17,,,,,,,,
1437.281,39,Input Transition Off Event,Tray #1,,17,0,,,,,,,,,,
1437.281,1,Condition Event,Tray Exit Starts Correction Trial,,17,0,,,,,,,,,,
1437.281,16,Variable Event,Total_No_Correction_Trials,,17,1,Value,26,,,,,,,,
1437.281,21,Group Change Event,Group Change,,17,1,New Group,6,,,,,,,,
1437.282,1,Condition Event,Display Images,,6,0,,,,,,,,,,
1437.282,32,Whisker - Display Image,Bussey Mouse Operant Mode 3 x 1 x low,Images,6,2,Position,1,Image 1,0,,,,,,
1437.282,32,Whisker - Display Image,Bussey Mouse Operant Mode 3 x 1 x low,Images,6,2,Position,3,Image 2,1,,,,,,
1437.282,21,Group Change Event,Group Change,,6,1,New Group,7,,,,,,,,
1437.559,39,Input Transition Off Event,BIRBeam #1,,7,0,,,,,,,,,,
1437.889,38,Input Transition On Event,FIRBeam #1,,7,0,,,,,,,,,,
1438.573,39,Input Transition Off Event,FIRBeam #1,,7,0,,,,,,,,,,
1439.527,30,Touch Down Event,Bussey Mouse Operant Mode 3 x 1 x low,,7,4,Position,3,Image 2,1,CoordX,43,CoordY,123,,
1439.528,1,Condition Event,Incorrect,,7,0,,,,,,,,,,
1439.528,32,Whisker - Display Image,Bussey Mouse Operant Mode 3 x 1 x low,Background,7,2,Position,1,Image 1,0,,,,,,
1439.528,32,Whisker - Display Image,Bussey Mouse Operant Mode 3 x 1 x low,Background,7,2,Position,3,Image 1,0,,,,,,
1439.528,3,Output On Event,Sound #1,,7,0,,,,,,,,,,
1439.528,3,Output On Event,Sound #2,,7,0,,,,,,,,,,
1439.528,3,Output On Event,Sound #3,,7,0,,,,,,,,,,
1439.528,7,Pulse Output Event,Sound_On #1,,7,1,Duration,0,,,,,,,,
1439.528,29,Timer Event,Time_Out_Timer,,7,1,Value,0,,,,,,,,
1439.528,21,Group Change Event,Group Change,,7,1,New Group,10,,,,,,,,
1439.528,1,Condition Event,TO Houselight On,,10,0,,,,,,,,,,
1439.528,3,Output On Event,HouseLight #1,,10,0,,,,,,,,,,
1439.528,21,Group Change Event,Group Change,,10,1,New Group,11,,,,,,,,
1439.528,1,Condition Event,Sequential Correction Trials,,11,0,,,,,,,,,,
1439.528,16,Variable Event,Sequential_Correction_Trials,,11,1,Value,3,,,,,,,,
1439.528,16,Variable Event,Increment_this_trial,,11,1,Value,0,,,,,,,,
1439.528,21,Group Change Event,Group Change,,11,1,New Group,12,,,,,,,,
1439.528,1,Condition Event,Incorrect Trails to Correction Trial,,12,0,,,,,,,,,,
1439.528,16,Variable Event,Correction_Counter,,12,1,Value,4,,,,,,,,
1439.528,21,Group Change Event,Group Change,,12,1,New Group,18,,,,,,,,
1439.528,1,Condition Event,Change ITI time,,18,0,,,,,,,,,,
1439.528,16,Variable Event,ITI,,18,1,Value,20,,,,,,,,
1439.528,21,Group Change Event,Group Change,,18,1,New Group,13,,,,,,,,
1439.855,31,Touch Up Event,Bussey Mouse Operant Mode 3 x 1 x low,,13,4,Position,3,Image 1,0,CoordX,43,CoordY,193,,
1439.924,38,Input Transition On Event,FIRBeam #1,,13,0,,,,,,,,,,
1440.487,39,Input Transition Off Event,FIRBeam #1,,13,0,,,,,,,,,,
1441.312,30,Touch Down Event,Bussey Mouse Operant Mode 3 x 1 x low,,13,4,Position,1,Image 1,0,CoordX,187,CoordY,154,,
1441.469,31,Touch Up Event,Bussey Mouse Operant Mode 3 x 1 x low,,13,4,Position,1,Image 1,0,CoordX,173,CoordY,118,,
1441.729,30,Touch Down Event,Bussey Mouse Operant Mode 3 x 1 x low,,13,4,Position,1,Image 1,0,CoordX,173,CoordY,17,,
1443.719,31,Touch Up Event,Bussey Mouse Operant Mode 3 x 1 x low,,13,4,Position,1,Image 1,0,CoordX,103,CoordY,80,,
1444.018,30,Touch Down Event,Bussey Mouse Operant Mode 3 x 1 x low,,13,4,Position,1,Image 1,0,CoordX,71,CoordY,41,,
1444.077,31,Touch Up Event,Bussey Mouse Operant Mode 3 x 1 x low,,13,4,Position,1,Image 1,0,CoordX,71,CoordY,134,,
1444.096,30,Touch Down Event,Bussey Mouse Operant Mode 3 x 1 x low,,13,4,Position,0,(NoImageOrVideo),-1,CoordX,128,CoordY,555,,
1444.384,31,Touch Up Event,Bussey Mouse Operant Mode 3 x 1 x low,,13,4,Position,1,Image 1,0,CoordX,85,CoordY,154,,
1444.528,1,Condition Event,Time Out End,,13,0,,,,,,,,,,
1444.528,29,Timer Event,ITI_Timer,,13,1,Value,0,,,,,,,,
1444.528,21,Group Change Event,Group Change,,13,1,New Group,14,,,,,,,,
1444.528,1,Condition Event,Reset Houselight off,,14,0,,,,,,,,,,
1444.528,4,Output Off Event,HouseLight #1,,14,0,,,,,,,,,,
1444.528,21,Group Change Event,Group Change,,14,1,New Group,9,,,,,,,,
1444.543,30,Touch Down Event,Bussey Mouse Operant Mode 3 x 1 x low,,9,4,Position,0,(NoImageOrVideo),-1,CoordX,128,CoordY,575,,
1444.601,31,Touch Up Event,Bussey Mouse Operant Mode 3 x 1 x low,,9,4,Position,0,(NoImageOrVideo),-1,CoordX,128,CoordY,575,,
1444.956,38,Input Transition On Event,FIRBeam #1,,9,0,,,,,,,,,,
1447.209,39,Input Transition Off Event,FIRBeam #1,,9,0,,,,,,,,,,
1452.526,38,Input Transition On Event,FIRBeam #1,,9,0,,,,,,,,,,
1453.011,39,Input Transition Off Event,FIRBeam #1,,9,0,,,,,,,,,,
1453.087,30,Touch Down Event,Bussey Mouse Operant Mode 3 x 1 x low,,9,4,Position,0,(NoImageOrVideo),-1,CoordX,542,CoordY,555,,
1453.377,31,Touch Up Event,Bussey Mouse Operant Mode 3 x 1 x low,,9,4,Position,0,(NoImageOrVideo),-1,CoordX,554,CoordY,555,,
1456.78,38,Input Transition On Event,FIRBeam #1,,9,0,,,,,,,,,,
1457.632,39,Input Transition Off Event,FIRBeam #1,,9,0,,,,,,,,,,
1460.74,38,Input Transition On Event,FIRBeam #1,,9,0,,,,,,,,,,
1460.984,39,Input Transition Off Event,FIRBeam #1,,9,0,,,,,,,,,,
1462.178,38,Input Transition On Event,FIRBeam #1,,9,0,,,,,,,,,,
1462.402,39,Input Transition Off Event,FIRBeam #1,,9,0,,,,,,,,,,
1463.937,38,Input Transition On Event,FIRBeam #1,,9,0,,,,,,,,,,
1464.528,1,Condition Event,Next trial,,9,0,,,,,,,,,,
1464.528,3,Output On Event,TrayLight #1,,9,0,,,,,,,,,,
1464.528,16,Variable Event,First_Trial,,9,1,Value,0,,,,,,,,
1464.528,16,Variable Event,First_Analysis,,9,1,Value,1,,,,,,,,
1464.528,16,Variable Event,ITI,,9,1,Value,20,,,,,,,,
1464.528,21,Group Change Event,Group Change,,9,1,New Group,15,,,,,,,,
1464.528,1,Condition Event,Start Correction Trial,,15,0,,,,,,,,,,
1464.528,16,Variable Event,Correction_Trial,,15,1,Value,1,,,,,,,,
1464.528,21,Group Change Event,Group Change,,15,1,New Group,16,,,,,,,,
1464.755,39,Input Transition Off Event,FIRBeam #1,,16,0,,,,,,,,,,
1465.719,38,Input Transition On Event,FIRBeam #1,,16,0,,,,,,,,,,
1466.366,39,Input Transition Off Event,FIRBeam #1,,16,0,,,,,,,,,,
1470.708,30,Touch Down Event,Bussey Mouse Operant Mode 3 x 1 x low,,16,4,Position,1,Image 1,0,CoordX,120,CoordY,118,,
1470.868,31,Touch Up Event,Bussey Mouse Operant Mode 3 x 1 x low,,16,4,Position,1,Image 1,0,CoordX,120,CoordY,118,,
1470.985,30,Touch Down Event,Bussey Mouse Operant Mode 3 x 1 x low,,16,4,Position,1,Image 1,0,CoordX,138,CoordY,135,,
1471.023,31,Touch Up Event,Bussey Mouse Operant Mode 3 x 1 x low,,16,4,Position,1,Image 1,0,CoordX,138,CoordY,118,,
1471.537,30,Touch Down Event,Bussey Mouse Operant Mode 3 x 1 x low,,16,4,Position,1,Image 1,0,CoordX,173,CoordY,154,,
1471.576,31,Touch Up Event,Bussey Mouse Operant Mode 3 x 1 x low,,16,4,Position,1,Image 1,0,CoordX,173,CoordY,154,,
1471.954,38,Input Transition On Event,FIRBeam #1,,16,0,,,,,,,,,,
1483.846,39,Input Transition Off Event,FIRBeam #1,,16,0,,,,,,,,,,
1483.946,38,Input Transition On Event,FIRBeam #1,,16,0,,,,,,,,,,
1485.335,39,Input Transition Off Event,FIRBeam #1,,16,0,,,,,,,,,,
1485.473,38,Input Transition On Event,FIRBeam #1,,16,0,,,,,,,,,,
1486.38,39,Input Transition Off Event,FIRBeam #1,,16,0,,,,,,,,,,
1487.014,38,Input Transition On Event,FIRBeam #1,,16,0,,,,,,,,,,
1487.528,39,Input Transition Off Event,FIRBeam #1,,16,0,,,,,,,,,,
1490.801,30,Touch Down Event,Bussey Mouse Operant Mode 3 x 1 x low,,16,4,Position,1,Image 1,0,CoordX,85,CoordY,134,,
1490.961,31,Touch Up Event,Bussey Mouse Operant Mode 3 x 1 x low,,16,4,Position,1,Image 1,0,CoordX,85,CoordY,124,,
1491.081,30,Touch Down Event,Bussey Mouse Operant Mode 3 x 1 x low,,16,4,Position,1,Image 1,0,CoordX,120,CoordY,61,,
1491.578,31,Touch Up Event,Bussey Mouse Operant Mode 3 x 1 x low,,16,4,Position,1,Image 1,0,CoordX,168,CoordY,212,,
1492.264,38,Input Transition On Event,FIRBeam #1,,16,0,,,,,,,,,,
1493.157,39,Input Transition Off Event,FIRBeam #1,,16,0,,,,,,,,,,
1493.438,38,Input Transition On Event,FIRBeam #1,,16,0,,,,,,,,,,
1493.587,39,Input Transition Off Event,FIRBeam #1,,16,0,,,,,,,,,,
1493.937,38,Input Transition On Event,FIRBeam #1,,16,0,,,,,,,,,,
1494.147,39,Input Transition Off Event,FIRBeam #1,,16,0,,,,,,,,,,
1494.272,38,Input Transition On Event,BIRBeam #1,,16,0,,,,,,,,,,
1494.777,39,Input Transition Off Event,BIRBeam #1,,16,0,,,,,,,,,,
1495.613,38,Input Transition On Event,FIRBeam #1,,16,0,,,,,,,,,,
1495.9,39,Input Transition Off Event,FIRBeam #1,,16,0,,,,,,,,,,
1499.98,30,Touch Down Event,Bussey Mouse Operant Mode 3 x 1 x low,,16,4,Position,1,Image 1,0,CoordX,36,CoordY,212,,
1500.307,31,Touch Up Event,Bussey Mouse Operant Mode 3 x 1 x low,,16,4,Position,1,Image 1,0,CoordX,103,CoordY,110,,
1503.169,38,Input Transition On Event,FIRBeam #1,,16,0,,,,,,,,,,
1503.327,39,Input Transition Off Event,FIRBeam #1,,16,0,,,,,,,,,,
1503.631,38,Input Transition On Event,FIRBeam #1,,16,0,,,,,,,,,,
1506.108,39,Input Transition Off Event,FIRBeam #1,,16,0,,,,,,,,,,
1506.305,38,Input Transition On Event,BIRBeam #1,,16,0,,,,,,,,,,
1506.871,39,Input Transition Off Event,BIRBeam #1,,16,0,,,,,,,,,,
1508.323,38,Input Transition On Event,BIRBeam #1,,16,0,,,,,,,,,,
1508.885,39,Input Transition Off Event,BIRBeam #1,,16,0,,,,,,,,,,
1509.207,38,Input Transition On Event,FIRBeam #1,,16,0,,,,,,,,,,
1516.556,39,Input Transition Off Event,FIRBeam #1,,16,0,,,,,,,,,,
1519.104,38,Input Transition On Event,FIRBeam #1,,16,0,,,,,,,,,,
1519.919,39,Input Transition Off Event,FIRBeam #1,,16,0,,,,,,,,,,
1521.42,38,Input Transition On Event,FIRBeam #1,,16,0,,,,,,,,,,
1523.781,39,Input Transition Off Event,FIRBeam #1,,16,0,,,,,,,,,,
1527.268,38,Input Transition On Event,FIRBeam #1,,16,0,,,,,,,,,,
1527.661,39,Input Transition Off Event,FIRBeam #1,,16,0,,,,,,,,,,
1527.993,38,Input Transition On Event,BIRBeam #1,,16,0,,,,,,,,,,
1528.26,39,Input Transition Off Event,BIRBeam #1,,16,0,,,,,,,,,,
1530.321,38,Input Transition On Event,BIRBeam #1,,16,0,,,,,,,,,,
1530.688,38,Input Transition On Event,Tray #1,,16,0,,,,,,,,,,
1530.689,1,Condition Event,Tray Entry Noted,,16,0,,,,,,,,,,
1530.689,4,Output Off Event,TrayLight #1,,16,0,,,,,,,,,,
1530.689,4,Output Off Event,Sound #1,,16,0,,,,,,,,,,
1530.689,4,Output Off Event,Sound #2,,16,0,,,,,,,,,,
1530.689,4,Output Off Event,Sound #3,,16,0,,,,,,,,,,
1530.689,7,Pulse Output Event,Sound_On #1,,16,1,Duration,0,,,,,,,,
1530.689,21,Group Change Event,Group Change,,16,1,New Group,17,,,,,,,,
1531.068,39,Input Transition Off Event,Tray #1,,17,0,,,,,,,,,,
1531.069,1,Condition Event,Tray Exit Starts Correction Trial,,17,0,,,,,,,,,,
1531.069,16,Variable Event,Total_No_Correction_Trials,,17,1,Value,27,,,,,,,,
1531.069,21,Group Change Event,Group Change,,17,1,New Group,6,,,,,,,,
1531.069,1,Condition Event,Display Images,,6,0,,,,,,,,,,
1531.069,32,Whisker - Display Image,Bussey Mouse Operant Mode 3 x 1 x low,Images,6,2,Position,1,Image 1,0,,,,,,
1531.069,32,Whisker - Display Image,Bussey Mouse Operant Mode 3 x 1 x low,Images,6,2,Position,3,Image 2,1,,,,,,
1531.069,21,Group Change Event,Group Change,,6,1,New Group,7,,,,,,,,
1532.275,39,Input Transition Off Event,BIRBeam #1,,7,0,,,,,,,,,,
1532.436,38,Input Transition On Event,FIRBeam #1,,7,0,,,,,,,,,,
1533.412,39,Input Transition Off Event,FIRBeam #1,,7,0,,,,,,,,,,
1534.093,30,Touch Down Event,Bussey Mouse Operant Mode 3 x 1 x low,,7,4,Position,3,Image 2,1,CoordX,96,CoordY,174,,
1534.094,1,Condition Event,Incorrect,,7,0,,,,,,,,,,
1534.094,32,Whisker - Display Image,Bussey Mouse Operant Mode 3 x 1 x low,Background,7,2,Position,1,Image 1,0,,,,,,
1534.094,32,Whisker - Display Image,Bussey Mouse Operant Mode 3 x 1 x low,Background,7,2,Position,3,Image 1,0,,,,,,
1534.094,3,Output On Event,Sound #1,,7,0,,,,,,,,,,
1534.094,3,Output On Event,Sound #2,,7,0,,,,,,,,,,
1534.094,3,Output On Event,Sound #3,,7,0,,,,,,,,,,
1534.094,7,Pulse Output Event,Sound_On #1,,7,1,Duration,0,,,,,,,,
1534.094,29,Timer Event,Time_Out_Timer,,7,1,Value,0,,,,,,,,
1534.094,21,Group Change Event,Group Change,,7,1,New Group,10,,,,,,,,
1534.094,1,Condition Event,TO Houselight On,,10,0,,,,,,,,,,
1534.094,3,Output On Event,HouseLight #1,,10,0,,,,,,,,,,
1534.094,21,Group Change Event,Group Change,,10,1,New Group,11,,,,,,,,
1534.094,1,Condition Event,Sequential Correction Trials,,11,0,,,,,,,,,,
1534.094,16,Variable Event,Sequential_Correction_Trials,,11,1,Value,4,,,,,,,,
1534.094,16,Variable Event,Increment_this_trial,,11,1,Value,0,,,,,,,,
1534.094,21,Group Change Event,Group Change,,11,1,New Group,12,,,,,,,,
1534.094,1,Condition Event,Incorrect Trails to Correction Trial,,12,0,,,,,,,,,,
1534.094,16,Variable Event,Correction_Counter,,12,1,Value,5,,,,,,,,
1534.094,21,Group Change Event,Group Change,,12,1,New Group,18,,,,,,,,
1534.094,1,Condition Event,Change ITI time,,18,0,,,,,,,,,,
1534.094,16,Variable Event,ITI,,18,1,Value,20,,,,,,,,
1534.094,21,Group Change Event,Group Change,,18,1,New Group,13,,,,,,,,
1534.42,31,Touch Up Event,Bussey Mouse Operant Mode 3 x 1 x low,,13,4,Position,3,Image 1,0,CoordX,96,CoordY,154,,
1534.523,38,Input Transition On Event,FIRBeam #1,,13,0,,,,,,,,,,
1535.051,39,Input Transition Off Event,FIRBeam #1,,13,0,,,,,,,,,,
1535.301,38,Input Transition On Event,FIRBeam #1,,13,0,,,,,,,,,,
1536.4,39,Input Transition Off Event,FIRBeam #1,,13,0,,,,,,,,,,
1536.541,38,Input Transition On Event,FIRBeam #1,,13,0,,,,,,,,,,
1539.094,1,Condition Event,Time Out End,,13,0,,,,,,,,,,
1539.094,29,Timer Event,ITI_Timer,,13,1,Value,0,,,,,,,,
1539.094,21,Group Change Event,Group Change,,13,1,New Group,14,,,,,,,,
1539.094,1,Condition Event,Reset Houselight off,,14,0,,,,,,,,,,
1539.094,4,Output Off Event,HouseLight #1,,14,0,,,,,,,,,,
1539.094,21,Group Change Event,Group Change,,14,1,New Group,9,,,,,,,,
1540.045,39,Input Transition Off Event,FIRBeam #1,,9,0,,,,,,,,,,
1543.868,38,Input Transition On Event,FIRBeam #1,,9,0,,,,,,,,,,
1543.977,39,Input Transition Off Event,FIRBeam #1,,9,0,,,,,,,,,,
1544.651,38,Input Transition On Event,FIRBeam #1,,9,0,,,,,,,,,,
1546.993,39,Input Transition Off Event,FIRBeam #1,,9,0,,,,,,,,,,
1549.263,38,Input Transition On Event,FIRBeam #1,,9,0,,,,,,,,,,
1549.725,39,Input Transition Off Event,FIRBeam #1,,9,0,,,,,,,,,,
1549.965,38,Input Transition On Event,BIRBeam #1,,9,0,,,,,,,,,,
1550.502,39,Input Transition Off Event,BIRBeam #1,,9,0,,,,,,,,,,
1554.264,38,Input Transition On Event,BIRBeam #1,,9,0,,,,,,,,,,
1557.033,39,Input Transition Off Event,BIRBeam #1,,9,0,,,,,,,,,,
1558.219,38,Input Transition On Event,BIRBeam #1,,9,0,,,,,,,,,,
1558.397,39,Input Transition Off Event,BIRBeam #1,,9,0,,,,,,,,,,
1559.094,1,Condition Event,Next trial,,9,0,,,,,,,,,,
1559.094,3,Output On Event,TrayLight #1,,9,0,,,,,,,,,,
1559.094,16,Variable Event,First_Trial,,9,1,Value,0,,,,,,,,
1559.094,16,Variable Event,First_Analysis,,9,1,Value,1,,,,,,,,
1559.094,16,Variable Event,ITI,,9,1,Value,20,,,,,,,,
1559.094,21,Group Change Event,Group Change,,9,1,New Group,15,,,,,,,,
1559.094,1,Condition Event,Start Correction Trial,,15,0,,,,,,,,,,
1559.094,16,Variable Event,Correction_Trial,,15,1,Value,1,,,,,,,,
1559.094,21,Group Change Event,Group Change,,15,1,New Group,16,,,,,,,,
1560.513,38,Input Transition On Event,BIRBeam #1,,16,0,,,,,,,,,,
1561.26,38,Input Transition On Event,Tray #1,,16,0,,,,,,,,,,
1561.26,1,Condition Event,Tray Entry Noted,,16,0,,,,,,,,,,
1561.26,4,Output Off Event,TrayLight #1,,16,0,,,,,,,,,,
1561.26,4,Output Off Event,Sound #1,,16,0,,,,,,,,,,
1561.26,4,Output Off Event,Sound #2,,16,0,,,,,,,,,,
1561.26,4,Output Off Event,Sound #3,,16,0,,,,,,,,,,
1561.26,7,Pulse Output Event,Sound_On #1,,16,1,Duration,0,,,,,,,,
1561.26,21,Group Change Event,Group Change,,16,1,New Group,17,,,,,,,,
1561.74,39,Input Transition Off Event,Tray #1,,17,0,,,,,,,,,,
1561.74,1,Condition Event,Tray Exit Starts Correction Trial,,17,0,,,,,,,,,,
1561.74,16,Variable Event,Total_No_Correction_Trials,,17,1,Value,28,,,,,,,,
1561.74,21,Group Change Event,Group Change,,17,1,New Group,6,,,,,,,,
1561.74,1,Condition Event,Display Images,,6,0,,,,,,,,,,
1561.74,32,Whisker - Display Image,Bussey Mouse Operant Mode 3 x 1 x low,Images,6,2,Position,1,Image 1,0,,,,,,
1561.74,32,Whisker - Display Image,Bussey Mouse Operant Mode 3 x 1 x low,Images,6,2,Position,3,Image 2,1,,,,,,
1561.74,21,Group Change Event,Group Change,,6,1,New Group,7,,,,,,,,
1562.04,39,Input Transition Off Event,BIRBeam #1,,7,0,,,,,,,,,,
1562.293,38,Input Transition On Event,FIRBeam #1,,7,0,,,,,,,,,,
1562.784,39,Input Transition Off Event,FIRBeam #1,,7,0,,,,,,,,,,
1562.955,30,Touch Down Event,Bussey Mouse Operant Mode 3 x 1 x low,,7,4,Position,3,Image 2,1,CoordX,164,CoordY,193,,
1562.955,1,Condition Event,Incorrect,,7,0,,,,,,,,,,
1562.955,32,Whisker - Display Image,Bussey Mouse Operant Mode 3 x 1 x low,Background,7,2,Position,1,Image 1,0,,,,,,
1562.955,32,Whisker - Display Image,Bussey Mouse Operant Mode 3 x 1 x low,Background,7,2,Position,3,Image 1,0,,,,,,
1562.955,3,Output On Event,Sound #1,,7,0,,,,,,,,,,
1562.955,3,Output On Event,Sound #2,,7,0,,,,,,,,,,
1562.955,3,Output On Event,Sound #3,,7,0,,,,,,,,,,
1562.955,7,Pulse Output Event,Sound_On #1,,7,1,Duration,0,,,,,,,,
1562.955,29,Timer Event,Time_Out_Timer,,7,1,Value,0,,,,,,,,
1562.955,21,Group Change Event,Group Change,,7,1,New Group,10,,,,,,,,
1562.955,1,Condition Event,TO Houselight On,,10,0,,,,,,,,,,
1562.955,3,Output On Event,HouseLight #1,,10,0,,,,,,,,,,
1562.955,21,Group Change Event,Group Change,,10,1,New Group,11,,,,,,,,
1562.955,1,Condition Event,Sequential Correction Trials,,11,0,,,,,,,,,,
1562.955,16,Variable Event,Sequential_Correction_Trials,,11,1,Value,5,,,,,,,,
1562.955,16,Variable Event,Increment_this_trial,,11,1,Value,0,,,,,,,,
1562.955,21,Group Change Event,Group Change,,11,1,New Group,12,,,,,,,,
1562.955,1,Condition Event,Incorrect Trails to Correction Trial,,12,0,,,,,,,,,,
1562.955,16,Variable Event,Correction_Counter,,12,1,Value,6,,,,,,,,
1562.955,21,Group Change Event,Group Change,,12,1,New Group,18,,,,,,,,
1562.955,1,Condition Event,Change ITI time,,18,0,,,,,,,,,,
1562.955,16,Variable Event,ITI,,18,1,Value,20,,,,,,,,
1562.955,21,Group Change Event,Group Change,,18,1,New Group,13,,,,,,,,
1563.285,31,Touch Up Event,Bussey Mouse Operant Mode 3 x 1 x low,,13,4,Position,3,Image 1,0,CoordX,164,CoordY,154,,
1563.864,30,Touch Down Event,Bussey Mouse Operant Mode 3 x 1 x low,,13,4,Position,3,Image 1,0,CoordX,43,CoordY,154,,
1564.041,31,Touch Up Event,Bussey Mouse Operant Mode 3 x 1 x low,,13,4,Position,3,Image 1,0,CoordX,28,CoordY,154,,
1564.459,38,Input Transition On Event,FIRBeam #1,,13,0,,,,,,,,,,
1567.372,39,Input Transition Off Event,FIRBeam #1,,13,0,,,,,,,,,,
1567.955,1,Condition Event,Time Out End,,13,0,,,,,,,,,,
1567.955,29,Timer Event,ITI_Timer,,13,1,Value,0,,,,,,,,
1567.955,21,Group Change Event,Group Change,,13,1,New Group,14,,,,,,,,
1567.955,1,Condition Event,Reset Houselight off,,14,0,,,,,,,,,,
1567.955,4,Output Off Event,HouseLight #1,,14,0,,,,,,,,,,
1567.955,21,Group Change Event,Group Change,,14,1,New Group,9,,,,,,,,
1569.086,30,Touch Down Event,Bussey Mouse Operant Mode 3 x 1 x low,,9,4,Position,2,Image 1,0,CoordX,116,CoordY,212,,
1569.086,1,Condition Event,Centre Screen Touches,,9,0,,,,,,,,,,
1569.086,16,Variable Event,Centre_Touches_during_ITI,,9,1,Value,27,,,,,,,,
1569.086,61,Group Maintain Event,Group Change,,9,1,New Group,9,,,,,,,,
1569.165,31,Touch Up Event,Bussey Mouse Operant Mode 3 x 1 x low,,9,4,Position,0,(NoImageOrVideo),-1,CoordX,403,CoordY,555,,
1571.581,30,Touch Down Event,Bussey Mouse Operant Mode 3 x 1 x low,,9,4,Position,3,Image 1,0,CoordX,61,CoordY,202,,
1571.582,1,Condition Event,Right Screen Touches,,9,0,,,,,,,,,,
1571.582,16,Variable Event,Right_touches_during_ITI,,9,1,Value,35,,,,,,,,
1571.582,61,Group Maintain Event,Group Change,,9,1,New Group,9,,,,,,,,
1571.967,31,Touch Up Event,Bussey Mouse Operant Mode 3 x 1 x low,,9,4,Position,0,(NoImageOrVideo),-1,CoordX,559,CoordY,555,,
1571.996,38,Input Transition On Event,FIRBeam #1,,9,0,,,,,,,,,,
1572.162,39,Input Transition Off Event,FIRBeam #1,,9,0,,,,,,,,,,
1573.584,30,Touch Down Event,Bussey Mouse Operant Mode 3 x 1 x low,,9,4,Position,1,Image 1,0,CoordX,53,CoordY,111,,
1573.585,1,Condition Event,Left Screen Touches,,9,0,,,,,,,,,,
1573.585,16,Variable Event,Left_Touches_during_ITI,,9,1,Value,52,,,,,,,,
1573.585,61,Group Maintain Event,Group Change,,9,1,New Group,9,,,,,,,,
1573.894,31,Touch Up Event,Bussey Mouse Operant Mode 3 x 1 x low,,9,4,Position,1,Image 1,0,CoordX,71,CoordY,167,,
1580.531,30,Touch Down Event,Bussey Mouse Operant Mode 3 x 1 x low,,9,4,Position,1,Image 1,0,CoordX,36,CoordY,118,,
1580.532,1,Condition Event,Left Screen Touches,,9,0,,,,,,,,,,
1580.532,16,Variable Event,Left_Touches_during_ITI,,9,1,Value,53,,,,,,,,
1580.532,61,Group Maintain Event,Group Change,,9,1,New Group,9,,,,,,,,
1580.569,31,Touch Up Event,Bussey Mouse Operant Mode 3 x 1 x low,,9,4,Position,1,Image 1,0,CoordX,36,CoordY,118,,
1580.848,30,Touch Down Event,Bussey Mouse Operant Mode 3 x 1 x low,,9,4,Position,1,Image 1,0,CoordX,36,CoordY,99,,
1580.848,31,Touch Up Event,Bussey Mouse Operant Mode 3 x 1 x low,,9,4,Position,1,Image 1,0,CoordX,36,CoordY,99,,
1580.849,1,Condition Event,Left Screen Touches,,9,0,,,,,,,,,,
1580.849,16,Variable Event,Left_Touches_during_ITI,,9,1,Value,54,,,,,,,,
1580.849,61,Group Maintain Event,Group Change,,9,1,New Group,9,,,,,,,,
1580.887,30,Touch Down Event,Bussey Mouse Operant Mode 3 x 1 x low,,9,4,Position,1,Image 1,0,CoordX,36,CoordY,99,,
1580.888,1,Condition Event,Left Screen Touches,,9,0,,,,,,,,,,
1580.888,16,Variable Event,Left_Touches_during_ITI,,9,1,Value,55,,,,,,,,
1580.888,61,Group Maintain Event,Group Change,,9,1,New Group,9,,,,,,,,
1581.344,31,Touch Up Event,Bussey Mouse Operant Mode 3 x 1 x low,,9,4,Position,1,Image 1,0,CoordX,36,CoordY,99,,
1581.603,30,Touch Down Event,Bussey Mouse Operant Mode 3 x 1 x low,,9,4,Position,1,Image 1,0,CoordX,53,CoordY,100,,
1581.604,1,Condition Event,Left Screen Touches,,9,0,,,,,,,,,,
1581.604,16,Variable Event,Left_Touches_during_ITI,,9,1,Value,56,,,,,,,,
1581.604,61,Group Maintain Event,Group Change,,9,1,New Group,9,,,,,,,,
1581.701,31,Touch Up Event,Bussey Mouse Operant Mode 3 x 1 x low,,9,4,Position,1,Image 1,0,CoordX,53,CoordY,114,,
1581.801,30,Touch Down Event,Bussey Mouse Operant Mode 3 x 1 x low,,9,4,Position,1,Image 1,0,CoordX,53,CoordY,193,,
1581.802,1,Condition Event,Left Screen Touches,,9,0,,,,,,,,,,
1581.802,16,Variable Event,Left_Touches_during_ITI,,9,1,Value,57,,,,,,,,
1581.802,61,Group Maintain Event,Group Change,,9,1,New Group,9,,,,,,,,
1582.033,31,Touch Up Event,Bussey Mouse Operant Mode 3 x 1 x low,,9,4,Position,1,Image 1,0,CoordX,53,CoordY,174,,
1582.128,30,Touch Down Event,Bussey Mouse Operant Mode 3 x 1 x low,,9,4,Position,1,Image 1,0,CoordX,71,CoordY,193,,
1582.129,1,Condition Event,Left Screen Touches,,9,0,,,,,,,,,,
1582.129,16,Variable Event,Left_Touches_during_ITI,,9,1,Value,58,,,,,,,,
1582.129,61,Group Maintain Event,Group Change,,9,1,New Group,9,,,,,,,,
1582.383,31,Touch Up Event,Bussey Mouse Operant Mode 3 x 1 x low,,9,4,Position,1,Image 1,0,CoordX,71,CoordY,193,,
1582.401,30,Touch Down Event,Bussey Mouse Operant Mode 3 x 1 x low,,9,4,Position,0,(NoImageOrVideo),-1,CoordX,128,CoordY,555,,
1582.557,31,Touch Up Event,Bussey Mouse Operant Mode 3 x 1 x low,,9,4,Position,0,(NoImageOrVideo),-1,CoordX,128,CoordY,575,,
1583.162,38,Input Transition On Event,FIRBeam #1,,9,0,,,,,,,,,,
1583.969,39,Input Transition Off Event,FIRBeam #1,,9,0,,,,,,,,,,
1584.311,30,Touch Down Event,Bussey Mouse Operant Mode 3 x 1 x low,,9,4,Position,1,Image 1,0,CoordX,120,CoordY,121,,
1584.311,1,Condition Event,Left Screen Touches,,9,0,,,,,,,,,,
1584.311,16,Variable Event,Left_Touches_during_ITI,,9,1,Value,59,,,,,,,,
1584.311,61,Group Maintain Event,Group Change,,9,1,New Group,9,,,,,,,,
1584.523,31,Touch Up Event,Bussey Mouse Operant Mode 3 x 1 x low,,9,4,Position,1,Image 1,0,CoordX,120,CoordY,154,,
1586.84,30,Touch Down Event,Bussey Mouse Operant Mode 3 x 1 x low,,9,4,Position,1,Image 1,0,CoordX,36,CoordY,110,,
1586.84,1,Condition Event,Left Screen Touches,,9,0,,,,,,,,,,
1586.84,16,Variable Event,Left_Touches_during_ITI,,9,1,Value,60,,,,,,,,
1586.84,61,Group Maintain Event,Group Change,,9,1,New Group,9,,,,,,,,
1587.955,1,Condition Event,Next trial,,9,0,,,,,,,,,,
1587.955,3,Output On Event,TrayLight #1,,9,0,,,,,,,,,,
1587.955,16,Variable Event,First_Trial,,9,1,Value,0,,,,,,,,
1587.955,16,Variable Event,First_Analysis,,9,1,Value,1,,,,,,,,
1587.955,16,Variable Event,ITI,,9,1,Value,20,,,,,,,,
1587.955,21,Group Change Event,Group Change,,9,1,New Group,15,,,,,,,,
1587.955,1,Condition Event,Start Correction Trial,,15,0,,,,,,,,,,
1587.955,16,Variable Event,Correction_Trial,,15,1,Value,1,,,,,,,,
1587.955,21,Group Change Event,Group Change,,15,1,New Group,16,,,,,,,,
1587.961,31,Touch Up Event,Bussey Mouse Operant Mode 3 x 1 x low,,16,4,Position,1,Image 1,0,CoordX,138,CoordY,174,,
1588.564,38,Input Transition On Event,FIRBeam #1,,16,0,,,,,,,,,,
1589.095,39,Input Transition Off Event,FIRBeam #1,,16,0,,,,,,,,,,
1589.207,38,Input Transition On Event,FIRBeam #1,,16,0,,,,,,,,,,
1589.609,39,Input Transition Off Event,FIRBeam #1,,16,0,,,,,,,,,,
1590.945,38,Input Transition On Event,BIRBeam #1,,16,0,,,,,,,,,,
1591.674,39,Input Transition Off Event,BIRBeam #1,,16,0,,,,,,,,,,
1591.996,38,Input Transition On Event,FIRBeam #1,,16,0,,,,,,,,,,
1592.565,39,Input Transition Off Event,FIRBeam #1,,16,0,,,,,,,,,,
1592.777,38,Input Transition On Event,FIRBeam #1,,16,0,,,,,,,,,,
1593.058,39,Input Transition Off Event,FIRBeam #1,,16,0,,,,,,,,,,
1593.973,38,Input Transition On Event,BIRBeam #1,,16,0,,,,,,,,,,
1594.535,38,Input Transition On Event,Tray #1,,16,0,,,,,,,,,,
1594.535,1,Condition Event,Tray Entry Noted,,16,0,,,,,,,,,,
1594.535,4,Output Off Event,TrayLight #1,,16,0,,,,,,,,,,
1594.535,4,Output Off Event,Sound #1,,16,0,,,,,,,,,,
1594.535,4,Output Off Event,Sound #2,,16,0,,,,,,,,,,
1594.535,4,Output Off Event,Sound #3,,16,0,,,,,,,,,,
1594.535,7,Pulse Output Event,Sound_On #1,,16,1,Duration,0,,,,,,,,
1594.535,21,Group Change Event,Group Change,,16,1,New Group,17,,,,,,,,
1596.36,39,Input Transition Off Event,Tray #1,,17,0,,,,,,,,,,
1596.36,1,Condition Event,Tray Exit Starts Correction Trial,,17,0,,,,,,,,,,
1596.36,16,Variable Event,Total_No_Correction_Trials,,17,1,Value,29,,,,,,,,
1596.36,21,Group Change Event,Group Change,,17,1,New Group,6,,,,,,,,
1596.36,1,Condition Event,Display Images,,6,0,,,,,,,,,,
1596.36,32,Whisker - Display Image,Bussey Mouse Operant Mode 3 x 1 x low,Images,6,2,Position,1,Image 1,0,,,,,,
1596.36,32,Whisker - Display Image,Bussey Mouse Operant Mode 3 x 1 x low,Images,6,2,Position,3,Image 2,1,,,,,,
1596.36,21,Group Change Event,Group Change,,6,1,New Group,7,,,,,,,,
1596.811,39,Input Transition Off Event,BIRBeam #1,,7,0,,,,,,,,,,
1597.133,38,Input Transition On Event,FIRBeam #1,,7,0,,,,,,,,,,
1597.493,30,Touch Down Event,Bussey Mouse Operant Mode 3 x 1 x low,,7,4,Position,3,Image 2,1,CoordX,78,CoordY,193,,
1597.494,1,Condition Event,Incorrect,,7,0,,,,,,,,,,
1597.494,32,Whisker - Display Image,Bussey Mouse Operant Mode 3 x 1 x low,Background,7,2,Position,1,Image 1,0,,,,,,
1597.494,32,Whisker - Display Image,Bussey Mouse Operant Mode 3 x 1 x low,Background,7,2,Position,3,Image 1,0,,,,,,
1597.494,3,Output On Event,Sound #1,,7,0,,,,,,,,,,
1597.494,3,Output On Event,Sound #2,,7,0,,,,,,,,,,
1597.494,3,Output On Event,Sound #3,,7,0,,,,,,,,,,
1597.494,7,Pulse Output Event,Sound_On #1,,7,1,Duration,0,,,,,,,,
1597.494,29,Timer Event,Time_Out_Timer,,7,1,Value,0,,,,,,,,
1597.494,21,Group Change Event,Group Change,,7,1,New Group,10,,,,,,,,
1597.494,1,Condition Event,TO Houselight On,,10,0,,,,,,,,,,
1597.494,3,Output On Event,HouseLight #1,,10,0,,,,,,,,,,
1597.494,21,Group Change Event,Group Change,,10,1,New Group,11,,,,,,,,
1597.494,1,Condition Event,Sequential Correction Trials,,11,0,,,,,,,,,,
1597.494,16,Variable Event,Sequential_Correction_Trials,,11,1,Value,6,,,,,,,,
1597.494,16,Variable Event,Increment_this_trial,,11,1,Value,0,,,,,,,,
1597.494,21,Group Change Event,Group Change,,11,1,New Group,12,,,,,,,,
1597.494,1,Condition Event,Incorrect Trails to Correction Trial,,12,0,,,,,,,,,,
1597.494,16,Variable Event,Correction_Counter,,12,1,Value,7,,,,,,,,
1597.494,21,Group Change Event,Group Change,,12,1,New Group,18,,,,,,,,
1597.494,1,Condition Event,Change ITI time,,18,0,,,,,,,,,,
1597.494,16,Variable Event,ITI,,18,1,Value,20,,,,,,,,
1597.494,21,Group Change Event,Group Change,,18,1,New Group,13,,,,,,,,
1597.516,39,Input Transition Off Event,FIRBeam #1,,13,0,,,,,,,,,,
1597.571,31,Touch Up Event,Bussey Mouse Operant Mode 3 x 1 x low,,13,4,Position,3,Image 1,0,CoordX,78,CoordY,174,,
1602.437,38,Input Transition On Event,FIRBeam #1,,13,0,,,,,,,,,,
1602.494,1,Condition Event,Time Out End,,13,0,,,,,,,,,,
1602.494,29,Timer Event,ITI_Timer,,13,1,Value,0,,,,,,,,
1602.494,21,Group Change Event,Group Change,,13,1,New Group,14,,,,,,,,
1602.494,1,Condition Event,Reset Houselight off,,14,0,,,,,,,,,,
1602.494,4,Output Off Event,HouseLight #1,,14,0,,,,,,,,,,
1602.494,21,Group Change Event,Group Change,,14,1,New Group,9,,,,,,,,
1604.11,39,Input Transition Off Event,FIRBeam #1,,9,0,,,,,,,,,,
1605.078,30,Touch Down Event,Bussey Mouse Operant Mode 3 x 1 x low,,9,4,Position,0,(NoImageOrVideo),-1,CoordX,730,CoordY,555,,
1605.695,31,Touch Up Event,Bussey Mouse Operant Mode 3 x 1 x low,,9,4,Position,3,Image 1,0,CoordX,193,CoordY,222,,
1606.835,30,Touch Down Event,Bussey Mouse Operant Mode 3 x 1 x low,,9,4,Position,3,Image 1,0,CoordX,199,CoordY,149,,
1606.835,1,Condition Event,Right Screen Touches,,9,0,,,,,,,,,,
1606.835,16,Variable Event,Right_touches_during_ITI,,9,1,Value,36,,,,,,,,
1606.835,61,Group Maintain Event,Group Change,,9,1,New Group,9,,,,,,,,
1608.193,31,Touch Up Event,Bussey Mouse Operant Mode 3 x 1 x low,,9,4,Position,3,Image 1,0,CoordX,192,CoordY,213,,
1613.972,38,Input Transition On Event,FIRBeam #1,,9,0,,,,,,,,,,
1618.381,39,Input Transition Off Event,FIRBeam #1,,9,0,,,,,,,,,,
1618.616,38,Input Transition On Event,FIRBeam #1,,9,0,,,,,,,,,,
1618.831,39,Input Transition Off Event,FIRBeam #1,,9,0,,,,,,,,,,
1620.869,38,Input Transition On Event,FIRBeam #1,,9,0,,,,,,,,,,
1622.011,39,Input Transition Off Event,FIRBeam #1,,9,0,,,,,,,,,,
1622.494,1,Condition Event,Next trial,,9,0,,,,,,,,,,
1622.494,3,Output On Event,TrayLight #1,,9,0,,,,,,,,,,
1622.494,16,Variable Event,First_Trial,,9,1,Value,0,,,,,,,,
1622.494,16,Variable Event,First_Analysis,,9,1,Value,1,,,,,,,,
1622.494,16,Variable Event,ITI,,9,1,Value,20,,,,,,,,
1622.494,21,Group Change Event,Group Change,,9,1,New Group,15,,,,,,,,
1622.494,1,Condition Event,Start Correction Trial,,15,0,,,,,,,,,,
1622.494,16,Variable Event,Correction_Trial,,15,1,Value,1,,,,,,,,
1622.494,21,Group Change Event,Group Change,,15,1,New Group,16,,,,,,,,
1623.277,38,Input Transition On Event,FIRBeam #1,,16,0,,,,,,,,,,
1626.015,39,Input Transition Off Event,FIRBeam #1,,16,0,,,,,,,,,,
1626.329,38,Input Transition On Event,BIRBeam #1,,16,0,,,,,,,,,,
1626.901,39,Input Transition Off Event,BIRBeam #1,,16,0,,,,,,,,,,
1627.983,38,Input Transition On Event,FIRBeam #1,,16,0,,,,,,,,,,
1628.664,39,Input Transition Off Event,FIRBeam #1,,16,0,,,,,,,,,,
1631.555,38,Input Transition On Event,FIRBeam #1,,16,0,,,,,,,,,,
1635.283,39,Input Transition Off Event,FIRBeam #1,,16,0,,,,,,,,,,
1635.641,38,Input Transition On Event,FIRBeam #1,,16,0,,,,,,,,,,
1636.155,39,Input Transition Off Event,FIRBeam #1,,16,0,,,,,,,,,,
1638.031,38,Input Transition On Event,BIRBeam #1,,16,0,,,,,,,,,,
1638.694,39,Input Transition Off Event,BIRBeam #1,,16,0,,,,,,,,,,
1639.048,38,Input Transition On Event,FIRBeam #1,,16,0,,,,,,,,,,
1639.777,39,Input Transition Off Event,FIRBeam #1,,16,0,,,,,,,,,,
1640.187,38,Input Transition On Event,FIRBeam #1,,16,0,,,,,,,,,,
1640.675,39,Input Transition Off Event,FIRBeam #1,,16,0,,,,,,,,,,
1641.028,38,Input Transition On Event,FIRBeam #1,,16,0,,,,,,,,,,
1641.929,39,Input Transition Off Event,FIRBeam #1,,16,0,,,,,,,,,,
1642.435,38,Input Transition On Event,FIRBeam #1,,16,0,,,,,,,,,,
1642.954,39,Input Transition Off Event,FIRBeam #1,,16,0,,,,,,,,,,
1643.134,38,Input Transition On Event,BIRBeam #1,,16,0,,,,,,,,,,
1643.809,39,Input Transition Off Event,BIRBeam #1,,16,0,,,,,,,,,,
1644.524,38,Input Transition On Event,FIRBeam #1,,16,0,,,,,,,,,,
1648.846,39,Input Transition Off Event,FIRBeam #1,,16,0,,,,,,,,,,
1650.364,30,Touch Down Event,Bussey Mouse Operant Mode 3 x 1 x low,,16,4,Position,1,Image 1,0,CoordX,120,CoordY,113,,
1650.443,31,Touch Up Event,Bussey Mouse Operant Mode 3 x 1 x low,,16,4,Position,1,Image 1,0,CoordX,138,CoordY,100,,
1650.678,30,Touch Down Event,Bussey Mouse Operant Mode 3 x 1 x low,,16,4,Position,1,Image 1,0,CoordX,138,CoordY,174,,
1650.697,31,Touch Up Event,Bussey Mouse Operant Mode 3 x 1 x low,,16,4,Position,1,Image 1,0,CoordX,138,CoordY,174,,
1650.737,30,Touch Down Event,Bussey Mouse Operant Mode 3 x 1 x low,,16,4,Position,1,Image 1,0,CoordX,120,CoordY,193,,
1650.776,31,Touch Up Event,Bussey Mouse Operant Mode 3 x 1 x low,,16,4,Position,1,Image 1,0,CoordX,120,CoordY,193,,
1651.179,38,Input Transition On Event,FIRBeam #1,,16,0,,,,,,,,,,
1652.522,39,Input Transition Off Event,FIRBeam #1,,16,0,,,,,,,,,,
1652.866,38,Input Transition On Event,FIRBeam #1,,16,0,,,,,,,,,,
1653.536,39,Input Transition Off Event,FIRBeam #1,,16,0,,,,,,,,,,
1653.929,30,Touch Down Event,Bussey Mouse Operant Mode 3 x 1 x low,,16,4,Position,1,Image 1,0,CoordX,36,CoordY,174,,
1654.203,31,Touch Up Event,Bussey Mouse Operant Mode 3 x 1 x low,,16,4,Position,1,Image 1,0,CoordX,41,CoordY,173,,
1654.42,38,Input Transition On Event,FIRBeam #1,,16,0,,,,,,,,,,
1655.221,39,Input Transition Off Event,FIRBeam #1,,16,0,,,,,,,,,,
1655.381,30,Touch Down Event,Bussey Mouse Operant Mode 3 x 1 x low,,16,4,Position,1,Image 1,0,CoordX,53,CoordY,125,,
1655.614,31,Touch Up Event,Bussey Mouse Operant Mode 3 x 1 x low,,16,4,Position,1,Image 1,0,CoordX,53,CoordY,174,,
1655.955,38,Input Transition On Event,FIRBeam #1,,16,0,,,,,,,,,,
1656.489,39,Input Transition Off Event,FIRBeam #1,,16,0,,,,,,,,,,
1657.193,30,Touch Down Event,Bussey Mouse Operant Mode 3 x 1 x low,,16,4,Position,1,Image 1,0,CoordX,18,CoordY,164,,
1657.367,31,Touch Up Event,Bussey Mouse Operant Mode 3 x 1 x low,,16,4,Position,1,Image 1,0,CoordX,18,CoordY,184,,
1659.744,30,Touch Down Event,Bussey Mouse Operant Mode 3 x 1 x low,,16,4,Position,1,Image 1,0,CoordX,71,CoordY,184,,
1659.841,31,Touch Up Event,Bussey Mouse Operant Mode 3 x 1 x low,,16,4,Position,1,Image 1,0,CoordX,85,CoordY,174,,
1660.475,38,Input Transition On Event,FIRBeam #1,,16,0,,,,,,,,,,
1661.737,39,Input Transition Off Event,FIRBeam #1,,16,0,,,,,,,,,,
1662.237,38,Input Transition On Event,FIRBeam #1,,16,0,,,,,,,,,,
1662.498,39,Input Transition Off Event,FIRBeam #1,,16,0,,,,,,,,,,
1662.587,38,Input Transition On Event,FIRBeam #1,,16,0,,,,,,,,,,
1662.914,39,Input Transition Off Event,FIRBeam #1,,16,0,,,,,,,,,,
1663.12,38,Input Transition On Event,BIRBeam #1,,16,0,,,,,,,,,,
1663.866,39,Input Transition Off Event,BIRBeam #1,,16,0,,,,,,,,,,
1664.767,38,Input Transition On Event,BIRBeam #1,,16,0,,,,,,,,,,
1665.938,38,Input Transition On Event,Tray #1,,16,0,,,,,,,,,,
1665.938,1,Condition Event,Tray Entry Noted,,16,0,,,,,,,,,,
1665.938,4,Output Off Event,TrayLight #1,,16,0,,,,,,,,,,
1665.938,4,Output Off Event,Sound #1,,16,0,,,,,,,,,,
1665.938,4,Output Off Event,Sound #2,,16,0,,,,,,,,,,
1665.938,4,Output Off Event,Sound #3,,16,0,,,,,,,,,,
1665.938,7,Pulse Output Event,Sound_On #1,,16,1,Duration,0,,,,,,,,
1665.938,21,Group Change Event,Group Change,,16,1,New Group,17,,,,,,,,
1666.187,39,Input Transition Off Event,Tray #1,,17,0,,,,,,,,,,
1666.187,1,Condition Event,Tray Exit Starts Correction Trial,,17,0,,,,,,,,,,
1666.187,16,Variable Event,Total_No_Correction_Trials,,17,1,Value,30,,,,,,,,
1666.187,21,Group Change Event,Group Change,,17,1,New Group,6,,,,,,,,
1666.187,1,Condition Event,Display Images,,6,0,,,,,,,,,,
1666.187,32,Whisker - Display Image,Bussey Mouse Operant Mode 3 x 1 x low,Images,6,2,Position,1,Image 1,0,,,,,,
1666.187,32,Whisker - Display Image,Bussey Mouse Operant Mode 3 x 1 x low,Images,6,2,Position,3,Image 2,1,,,,,,
1666.187,21,Group Change Event,Group Change,,6,1,New Group,7,,,,,,,,
1667.692,39,Input Transition Off Event,BIRBeam #1,,7,0,,,,,,,,,,
1667.919,38,Input Transition On Event,FIRBeam #1,,7,0,,,,,,,,,,
1668.334,30,Touch Down Event,Bussey Mouse Operant Mode 3 x 1 x low,,7,4,Position,3,Image 2,1,CoordX,78,CoordY,212,,
1668.335,1,Condition Event,Incorrect,,7,0,,,,,,,,,,
1668.335,32,Whisker - Display Image,Bussey Mouse Operant Mode 3 x 1 x low,Background,7,2,Position,1,Image 1,0,,,,,,
1668.335,32,Whisker - Display Image,Bussey Mouse Operant Mode 3 x 1 x low,Background,7,2,Position,3,Image 1,0,,,,,,
1668.335,3,Output On Event,Sound #1,,7,0,,,,,,,,,,
1668.335,3,Output On Event,Sound #2,,7,0,,,,,,,,,,
1668.335,3,Output On Event,Sound #3,,7,0,,,,,,,,,,
1668.335,7,Pulse Output Event,Sound_On #1,,7,1,Duration,0,,,,,,,,
1668.335,29,Timer Event,Time_Out_Timer,,7,1,Value,0,,,,,,,,
1668.335,21,Group Change Event,Group Change,,7,1,New Group,10,,,,,,,,
1668.335,1,Condition Event,TO Houselight On,,10,0,,,,,,,,,,
1668.335,3,Output On Event,HouseLight #1,,10,0,,,,,,,,,,
1668.335,21,Group Change Event,Group Change,,10,1,New Group,11,,,,,,,,
1668.335,1,Condition Event,Sequential Correction Trials,,11,0,,,,,,,,,,
1668.335,16,Variable Event,Sequential_Correction_Trials,,11,1,Value,7,,,,,,,,
1668.335,16,Variable Event,Increment_this_trial,,11,1,Value,0,,,,,,,,
1668.335,21,Group Change Event,Group Change,,11,1,New Group,12,,,,,,,,
1668.335,1,Condition Event,Incorrect Trails to Correction Trial,,12,0,,,,,,,,,,
1668.335,16,Variable Event,Correction_Counter,,12,1,Value,8,,,,,,,,
1668.335,21,Group Change Event,Group Change,,12,1,New Group,18,,,,,,,,
1668.335,1,Condition Event,Change ITI time,,18,0,,,,,,,,,,
1668.335,16,Variable Event,ITI,,18,1,Value,20,,,,,,,,
1668.335,21,Group Change Event,Group Change,,18,1,New Group,13,,,,,,,,
1668.549,31,Touch Up Event,Bussey Mouse Operant Mode 3 x 1 x low,,13,4,Position,3,Image 1,0,CoordX,78,CoordY,193,,
1668.611,39,Input Transition Off Event,FIRBeam #1,,13,0,,,,,,,,,,
1672.946,30,Touch Down Event,Bussey Mouse Operant Mode 3 x 1 x low,,13,4,Position,2,Image 1,0,CoordX,14,CoordY,80,,
1672.985,31,Touch Up Event,Bussey Mouse Operant Mode 3 x 1 x low,,13,4,Position,2,Image 1,0,CoordX,14,CoordY,80,,
1673.104,30,Touch Down Event,Bussey Mouse Operant Mode 3 x 1 x low,,13,4,Position,2,Image 1,0,CoordX,31,CoordY,80,,
1673.223,31,Touch Up Event,Bussey Mouse Operant Mode 3 x 1 x low,,13,4,Position,2,Image 1,0,CoordX,31,CoordY,80,,
1673.335,1,Condition Event,Time Out End,,13,0,,,,,,,,,,
1673.335,29,Timer Event,ITI_Timer,,13,1,Value,0,,,,,,,,
1673.335,21,Group Change Event,Group Change,,13,1,New Group,14,,,,,,,,
1673.335,1,Condition Event,Reset Houselight off,,14,0,,,,,,,,,,
1673.335,4,Output Off Event,HouseLight #1,,14,0,,,,,,,,,,
1673.335,21,Group Change Event,Group Change,,14,1,New Group,9,,,,,,,,
1673.581,30,Touch Down Event,Bussey Mouse Operant Mode 3 x 1 x low,,9,4,Position,2,Image 1,0,CoordX,81,CoordY,118,,
1673.582,1,Condition Event,Centre Screen Touches,,9,0,,,,,,,,,,
1673.582,16,Variable Event,Centre_Touches_during_ITI,,9,1,Value,28,,,,,,,,
1673.582,61,Group Maintain Event,Group Change,,9,1,New Group,9,,,,,,,,
1674.162,31,Touch Up Event,Bussey Mouse Operant Mode 3 x 1 x low,,9,4,Position,2,Image 1,0,CoordX,15,CoordY,212,,
1674.818,38,Input Transition On Event,FIRBeam #1,,9,0,,,,,,,,,,
1674.898,39,Input Transition Off Event,FIRBeam #1,,9,0,,,,,,,,,,
1675.016,38,Input Transition On Event,FIRBeam #1,,9,0,,,,,,,,,,
1675.116,39,Input Transition Off Event,FIRBeam #1,,9,0,,,,,,,,,,
1675.559,30,Touch Down Event,Bussey Mouse Operant Mode 3 x 1 x low,,9,4,Position,1,Image 1,0,CoordX,71,CoordY,91,,
1675.56,1,Condition Event,Left Screen Touches,,9,0,,,,,,,,,,
1675.56,16,Variable Event,Left_Touches_during_ITI,,9,1,Value,61,,,,,,,,
1675.56,61,Group Maintain Event,Group Change,,9,1,New Group,9,,,,,,,,
1675.891,31,Touch Up Event,Bussey Mouse Operant Mode 3 x 1 x low,,9,4,Position,1,Image 1,0,CoordX,71,CoordY,174,,
1676.827,38,Input Transition On Event,FIRBeam #1,,9,0,,,,,,,,,,
1678.495,39,Input Transition Off Event,FIRBeam #1,,9,0,,,,,,,,,,
1679.428,30,Touch Down Event,Bussey Mouse Operant Mode 3 x 1 x low,,9,4,Position,1,Image 1,0,CoordX,53,CoordY,212,,
1679.428,1,Condition Event,Left Screen Touches,,9,0,,,,,,,,,,
1679.428,16,Variable Event,Left_Touches_during_ITI,,9,1,Value,62,,,,,,,,
1679.428,61,Group Maintain Event,Group Change,,9,1,New Group,9,,,,,,,,
1679.799,31,Touch Up Event,Bussey Mouse Operant Mode 3 x 1 x low,,9,4,Position,1,Image 1,0,CoordX,113,CoordY,212,,
1681.85,38,Input Transition On Event,FIRBeam #1,,9,0,,,,,,,,,,
1682.186,39,Input Transition Off Event,FIRBeam #1,,9,0,,,,,,,,,,
1684.337,30,Touch Down Event,Bussey Mouse Operant Mode 3 x 1 x low,,9,4,Position,0,(NoImageOrVideo),-1,CoordX,336,CoordY,555,,
1684.616,31,Touch Up Event,Bussey Mouse Operant Mode 3 x 1 x low,,9,4,Position,0,(NoImageOrVideo),-1,CoordX,336,CoordY,555,,
1684.84,38,Input Transition On Event,FIRBeam #1,,9,0,,,,,,,,,,
1685.718,39,Input Transition Off Event,FIRBeam #1,,9,0,,,,,,,,,,
1686.901,38,Input Transition On Event,FIRBeam #1,,9,0,,,,,,,,,,
1688.252,39,Input Transition Off Event,FIRBeam #1,,9,0,,,,,,,,,,
1689.047,30,Touch Down Event,Bussey Mouse Operant Mode 3 x 1 x low,,9,4,Position,2,Image 1,0,CoordX,220,CoordY,212,,
1689.048,1,Condition Event,Centre Screen Touches,,9,0,,,,,,,,,,
1689.048,16,Variable Event,Centre_Touches_during_ITI,,9,1,Value,29,,,,,,,,
1689.048,61,Group Maintain Event,Group Change,,9,1,New Group,9,,,,,,,,
1691.472,31,Touch Up Event,Bussey Mouse Operant Mode 3 x 1 x low,,9,4,Position,2,Image 1,0,CoordX,202,CoordY,223,,
1692.893,38,Input Transition On Event,FIRBeam #1,,9,0,,,,,,,,,,
1693.05,30,Touch Down Event,Bussey Mouse Operant Mode 3 x 1 x low,,9,4,Position,0,(NoImageOrVideo),-1,CoordX,574,CoordY,555,,
1693.068,39,Input Transition Off Event,FIRBeam #1,,9,0,,,,,,,,,,
1693.204,31,Touch Up Event,Bussey Mouse Operant Mode 3 x 1 x low,,9,4,Position,0,(NoImageOrVideo),-1,CoordX,543,CoordY,555,,
1693.335,1,Condition Event,Next trial,,9,0,,,,,,,,,,
1693.335,3,Output On Event,TrayLight #1,,9,0,,,,,,,,,,
1693.335,16,Variable Event,First_Trial,,9,1,Value,0,,,,,,,,
1693.335,16,Variable Event,First_Analysis,,9,1,Value,1,,,,,,,,
1693.335,16,Variable Event,ITI,,9,1,Value,20,,,,,,,,
1693.335,21,Group Change Event,Group Change,,9,1,New Group,15,,,,,,,,
1693.335,1,Condition Event,Start Correction Trial,,15,0,,,,,,,,,,
1693.335,16,Variable Event,Correction_Trial,,15,1,Value,1,,,,,,,,
1693.335,21,Group Change Event,Group Change,,15,1,New Group,16,,,,,,,,
1693.883,38,Input Transition On Event,FIRBeam #1,,16,0,,,,,,,,,,
1694.913,39,Input Transition Off Event,FIRBeam #1,,16,0,,,,,,,,,,
1695.573,38,Input Transition On Event,FIRBeam #1,,16,0,,,,,,,,,,
1695.64,30,Touch Down Event,Bussey Mouse Operant Mode 3 x 1 x low,,16,4,Position,0,(NoImageOrVideo),-1,CoordX,559,CoordY,555,,
1695.771,39,Input Transition Off Event,FIRBeam #1,,16,0,,,,,,,,,,
1695.931,31,Touch Up Event,Bussey Mouse Operant Mode 3 x 1 x low,,16,4,Position,3,Image 1,0,CoordX,18,CoordY,222,,
1696.751,30,Touch Down Event,Bussey Mouse Operant Mode 3 x 1 x low,,16,4,Position,2,Image 1,0,CoordX,116,CoordY,212,,
1697.084,31,Touch Up Event,Bussey Mouse Operant Mode 3 x 1 x low,,16,4,Position,2,Image 1,0,CoordX,75,CoordY,193,,
1697.688,38,Input Transition On Event,FIRBeam #1,,16,0,,,,,,,,,,
1700.619,39,Input Transition Off Event,FIRBeam #1,,16,0,,,,,,,,,,
1700.859,30,Touch Down Event,Bussey Mouse Operant Mode 3 x 1 x low,,16,4,Position,2,Image 1,0,CoordX,49,CoordY,80,,
1700.859,31,Touch Up Event,Bussey Mouse Operant Mode 3 x 1 x low,,16,4,Position,2,Image 1,0,CoordX,49,CoordY,80,,
1700.899,30,Touch Down Event,Bussey Mouse Operant Mode 3 x 1 x low,,16,4,Position,2,Image 1,0,CoordX,99,CoordY,118,,
1701.386,31,Touch Up Event,Bussey Mouse Operant Mode 3 x 1 x low,,16,4,Position,2,Image 1,0,CoordX,200,CoordY,164,,
1702.179,30,Touch Down Event,Bussey Mouse Operant Mode 3 x 1 x low,,16,4,Position,2,Image 1,0,CoordX,134,CoordY,193,,
1704.773,31,Touch Up Event,Bussey Mouse Operant Mode 3 x 1 x low,,16,4,Position,0,(NoImageOrVideo),-1,CoordX,307,CoordY,555,,
1705.401,38,Input Transition On Event,FIRBeam #1,,16,0,,,,,,,,,,
1710.104,39,Input Transition Off Event,FIRBeam #1,,16,0,,,,,,,,,,
1712.515,38,Input Transition On Event,FIRBeam #1,,16,0,,,,,,,,,,
1712.939,39,Input Transition Off Event,FIRBeam #1,,16,0,,,,,,,,,,
1715.122,30,Touch Down Event,Bussey Mouse Operant Mode 3 x 1 x low,,16,4,Position,1,Image 1,0,CoordX,1,CoordY,118,,
1715.201,31,Touch Up Event,Bussey Mouse Operant Mode 3 x 1 x low,,16,4,Position,1,Image 1,0,CoordX,1,CoordY,118,,
1716.66,30,Touch Down Event,Bussey Mouse Operant Mode 3 x 1 x low,,16,4,Position,1,Image 1,0,CoordX,173,CoordY,80,,
1716.797,31,Touch Up Event,Bussey Mouse Operant Mode 3 x 1 x low,,16,4,Position,1,Image 1,0,CoordX,180,CoordY,80,,
1717.198,38,Input Transition On Event,FIRBeam #1,,16,0,,,,,,,,,,
1717.485,39,Input Transition Off Event,FIRBeam #1,,16,0,,,,,,,,,,
1717.978,38,Input Transition On Event,BIRBeam #1,,16,0,,,,,,,,,,
1718.228,39,Input Transition Off Event,BIRBeam #1,,16,0,,,,,,,,,,
1719.855,38,Input Transition On Event,BIRBeam #1,,16,0,,,,,,,,,,
1720.397,39,Input Transition Off Event,BIRBeam #1,,16,0,,,,,,,,,,
1720.932,38,Input Transition On Event,FIRBeam #1,,16,0,,,,,,,,,,
1721.431,39,Input Transition Off Event,FIRBeam #1,,16,0,,,,,,,,,,
1723.888,30,Touch Down Event,Bussey Mouse Operant Mode 3 x 1 x low,,16,4,Position,1,Image 1,0,CoordX,1,CoordY,193,,
1724.179,31,Touch Up Event,Bussey Mouse Operant Mode 3 x 1 x low,,16,4,Position,0,(NoImageOrVideo),-1,CoordX,79,CoordY,575,,
1724.258,30,Touch Down Event,Bussey Mouse Operant Mode 3 x 1 x low,,16,4,Position,1,Image 1,0,CoordX,36,CoordY,174,,
1724.414,31,Touch Up Event,Bussey Mouse Operant Mode 3 x 1 x low,,16,4,Position,1,Image 1,0,CoordX,36,CoordY,212,,
1724.433,30,Touch Down Event,Bussey Mouse Operant Mode 3 x 1 x low,,16,4,Position,1,Image 1,0,CoordX,53,CoordY,174,,
1724.589,31,Touch Up Event,Bussey Mouse Operant Mode 3 x 1 x low,,16,4,Position,1,Image 1,0,CoordX,53,CoordY,174,,
1724.778,38,Input Transition On Event,FIRBeam #1,,16,0,,,,,,,,,,
1724.979,39,Input Transition Off Event,FIRBeam #1,,16,0,,,,,,,,,,
1726.772,38,Input Transition On Event,FIRBeam #1,,16,0,,,,,,,,,,
1726.944,39,Input Transition Off Event,FIRBeam #1,,16,0,,,,,,,,,,
1727.306,30,Touch Down Event,Bussey Mouse Operant Mode 3 x 1 x low,,16,4,Position,1,Image 1,0,CoordX,53,CoordY,66,,
1727.69,31,Touch Up Event,Bussey Mouse Operant Mode 3 x 1 x low,,16,4,Position,1,Image 1,0,CoordX,53,CoordY,99,,
1728.132,38,Input Transition On Event,FIRBeam #1,,16,0,,,,,,,,,,
1729.834,39,Input Transition Off Event,FIRBeam #1,,16,0,,,,,,,,,,
1729.992,30,Touch Down Event,Bussey Mouse Operant Mode 3 x 1 x low,,16,4,Position,2,Image 1,0,CoordX,116,CoordY,118,,
1730.262,31,Touch Up Event,Bussey Mouse Operant Mode 3 x 1 x low,,16,4,Position,2,Image 1,0,CoordX,99,CoordY,80,,
1730.482,30,Touch Down Event,Bussey Mouse Operant Mode 3 x 1 x low,,16,4,Position,2,Image 1,0,CoordX,99,CoordY,41,,
1731.008,31,Touch Up Event,Bussey Mouse Operant Mode 3 x 1 x low,,16,4,Position,2,Image 1,0,CoordX,14,CoordY,118,,
1731.225,30,Touch Down Event,Bussey Mouse Operant Mode 3 x 1 x low,,16,4,Position,2,Image 1,0,CoordX,63,CoordY,118,,
1731.541,31,Touch Up Event,Bussey Mouse Operant Mode 3 x 1 x low,,16,4,Position,2,Image 1,0,CoordX,61,CoordY,61,,
1731.66,30,Touch Down Event,Bussey Mouse Operant Mode 3 x 1 x low,,16,4,Position,2,Image 1,0,CoordX,116,CoordY,193,,
1731.718,31,Touch Up Event,Bussey Mouse Operant Mode 3 x 1 x low,,16,4,Position,2,Image 1,0,CoordX,134,CoordY,212,,
1732.097,30,Touch Down Event,Bussey Mouse Operant Mode 3 x 1 x low,,16,4,Position,2,Image 1,0,CoordX,81,CoordY,193,,
1732.176,31,Touch Up Event,Bussey Mouse Operant Mode 3 x 1 x low,,16,4,Position,2,Image 1,0,CoordX,49,CoordY,193,,
1732.215,30,Touch Down Event,Bussey Mouse Operant Mode 3 x 1 x low,,16,4,Position,2,Image 1,0,CoordX,14,CoordY,47,,
1733.406,31,Touch Up Event,Bussey Mouse Operant Mode 3 x 1 x low,,16,4,Position,1,Image 1,0,CoordX,138,CoordY,70,,
1733.465,30,Touch Down Event,Bussey Mouse Operant Mode 3 x 1 x low,,16,4,Position,1,Image 1,0,CoordX,18,CoordY,80,,
1733.504,31,Touch Up Event,Bussey Mouse Operant Mode 3 x 1 x low,,16,4,Position,1,Image 1,0,CoordX,18,CoordY,80,,
1734.583,38,Input Transition On Event,FIRBeam #1,,16,0,,,,,,,,,,
1734.799,39,Input Transition Off Event,FIRBeam #1,,16,0,,,,,,,,,,
1735.975,38,Input Transition On Event,FIRBeam #1,,16,0,,,,,,,,,,
1736.234,39,Input Transition Off Event,FIRBeam #1,,16,0,,,,,,,,,,
1736.821,30,Touch Down Event,Bussey Mouse Operant Mode 3 x 1 x low,,16,4,Position,1,Image 1,0,CoordX,85,CoordY,212,,
1737.416,31,Touch Up Event,Bussey Mouse Operant Mode 3 x 1 x low,,16,4,Position,0,(NoImageOrVideo),-1,CoordX,146,CoordY,575,,
1737.495,30,Touch Down Event,Bussey Mouse Operant Mode 3 x 1 x low,,16,4,Position,0,(NoImageOrVideo),-1,CoordX,114,CoordY,555,,
1737.649,31,Touch Up Event,Bussey Mouse Operant Mode 3 x 1 x low,,16,4,Position,0,(NoImageOrVideo),-1,CoordX,114,CoordY,555,,
1737.728,30,Touch Down Event,Bussey Mouse Operant Mode 3 x 1 x low,,16,4,Position,1,Image 1,0,CoordX,103,CoordY,193,,
1737.806,31,Touch Up Event,Bussey Mouse Operant Mode 3 x 1 x low,,16,4,Position,1,Image 1,0,CoordX,103,CoordY,212,,
1737.845,30,Touch Down Event,Bussey Mouse Operant Mode 3 x 1 x low,,16,4,Position,1,Image 1,0,CoordX,71,CoordY,174,,
1737.923,31,Touch Up Event,Bussey Mouse Operant Mode 3 x 1 x low,,16,4,Position,0,(NoImageOrVideo),-1,CoordX,114,CoordY,555,,
1738.002,30,Touch Down Event,Bussey Mouse Operant Mode 3 x 1 x low,,16,4,Position,1,Image 1,0,CoordX,155,CoordY,61,,
1738.723,31,Touch Up Event,Bussey Mouse Operant Mode 3 x 1 x low,,16,4,Position,1,Image 1,0,CoordX,36,CoordY,61,,
1738.762,30,Touch Down Event,Bussey Mouse Operant Mode 3 x 1 x low,,16,4,Position,1,Image 1,0,CoordX,36,CoordY,80,,
1738.919,31,Touch Up Event,Bussey Mouse Operant Mode 3 x 1 x low,,16,4,Position,1,Image 1,0,CoordX,53,CoordY,154,,
1740.659,38,Input Transition On Event,FIRBeam #1,,16,0,,,,,,,,,,
1742.036,39,Input Transition Off Event,FIRBeam #1,,16,0,,,,,,,,,,
1742.2,38,Input Transition On Event,FIRBeam #1,,16,0,,,,,,,,,,
1743.049,39,Input Transition Off Event,FIRBeam #1,,16,0,,,,,,,,,,
1744.361,38,Input Transition On Event,FIRBeam #1,,16,0,,,,,,,,,,
1746.556,39,Input Transition Off Event,FIRBeam #1,,16,0,,,,,,,,,,
1749.347,38,Input Transition On Event,FIRBeam #1,,16,0,,,,,,,,,,
1750.776,39,Input Transition Off Event,FIRBeam #1,,16,0,,,,,,,,,,
1754.851,38,Input Transition On Event,FIRBeam #1,,16,0,,,,,,,,,,
1755.109,39,Input Transition Off Event,FIRBeam #1,,16,0,,,,,,,,,,
1756.171,38,Input Transition On Event,FIRBeam #1,,16,0,,,,,,,,,,
1758.814,39,Input Transition Off Event,FIRBeam #1,,16,0,,,,,,,,,,
1762.519,30,Touch Down Event,Bussey Mouse Operant Mode 3 x 1 x low,,16,4,Position,3,Image 1,0,CoordX,86,CoordY,212,,
1764.404,31,Touch Up Event,Bussey Mouse Operant Mode 3 x 1 x low,,16,4,Position,0,(NoImageOrVideo),-1,CoordX,574,CoordY,555,,
1764.5,30,Touch Down Event,Bussey Mouse Operant Mode 3 x 1 x low,,16,4,Position,3,Image 1,0,CoordX,114,CoordY,135,,
1764.928,31,Touch Up Event,Bussey Mouse Operant Mode 3 x 1 x low,,16,4,Position,3,Image 1,0,CoordX,114,CoordY,118,,
1766.494,38,Input Transition On Event,FIRBeam #1,,16,0,,,,,,,,,,
1766.767,39,Input Transition Off Event,FIRBeam #1,,16,0,,,,,,,,,,
1766.959,38,Input Transition On Event,BIRBeam #1,,16,0,,,,,,,,,,
1767.633,39,Input Transition Off Event,BIRBeam #1,,16,0,,,,,,,,,,
1771.001,38,Input Transition On Event,FIRBeam #1,,16,0,,,,,,,,,,
1774.52,39,Input Transition Off Event,FIRBeam #1,,16,0,,,,,,,,,,
1775.889,38,Input Transition On Event,FIRBeam #1,,16,0,,,,,,,,,,
1776.153,39,Input Transition Off Event,FIRBeam #1,,16,0,,,,,,,,,,
1776.213,38,Input Transition On Event,FIRBeam #1,,16,0,,,,,,,,,,
1777.439,39,Input Transition Off Event,FIRBeam #1,,16,0,,,,,,,,,,
1777.561,38,Input Transition On Event,BIRBeam #1,,16,0,,,,,,,,,,
1777.843,39,Input Transition Off Event,BIRBeam #1,,16,0,,,,,,,,,,
1780.204,38,Input Transition On Event,BIRBeam #1,,16,0,,,,,,,,,,
1780.489,38,Input Transition On Event,Tray #1,,16,0,,,,,,,,,,
1780.489,1,Condition Event,Tray Entry Noted,,16,0,,,,,,,,,,
1780.489,4,Output Off Event,TrayLight #1,,16,0,,,,,,,,,,
1780.489,4,Output Off Event,Sound #1,,16,0,,,,,,,,,,
1780.489,4,Output Off Event,Sound #2,,16,0,,,,,,,,,,
1780.489,4,Output Off Event,Sound #3,,16,0,,,,,,,,,,
1780.489,7,Pulse Output Event,Sound_On #1,,16,1,Duration,0,,,,,,,,
1780.489,21,Group Change Event,Group Change,,16,1,New Group,17,,,,,,,,
1781.814,39,Input Transition Off Event,Tray #1,,17,0,,,,,,,,,,
1781.814,1,Condition Event,Tray Exit Starts Correction Trial,,17,0,,,,,,,,,,
1781.814,16,Variable Event,Total_No_Correction_Trials,,17,1,Value,31,,,,,,,,
1781.814,21,Group Change Event,Group Change,,17,1,New Group,6,,,,,,,,
1781.814,1,Condition Event,Display Images,,6,0,,,,,,,,,,
1781.814,32,Whisker - Display Image,Bussey Mouse Operant Mode 3 x 1 x low,Images,6,2,Position,1,Image 1,0,,,,,,
1781.814,32,Whisker - Display Image,Bussey Mouse Operant Mode 3 x 1 x low,Images,6,2,Position,3,Image 2,1,,,,,,
1781.814,21,Group Change Event,Group Change,,6,1,New Group,7,,,,,,,,
1782.443,39,Input Transition Off Event,BIRBeam #1,,7,0,,,,,,,,,,
1782.656,38,Input Transition On Event,FIRBeam #1,,7,0,,,,,,,,,,
1783.537,39,Input Transition Off Event,FIRBeam #1,,7,0,,,,,,,,,,
1783.849,30,Touch Down Event,Bussey Mouse Operant Mode 3 x 1 x low,,7,4,Position,3,Image 2,1,CoordX,181,CoordY,193,,
1783.85,1,Condition Event,Incorrect,,7,0,,,,,,,,,,
1783.85,32,Whisker - Display Image,Bussey Mouse Operant Mode 3 x 1 x low,Background,7,2,Position,1,Image 1,0,,,,,,
1783.85,32,Whisker - Display Image,Bussey Mouse Operant Mode 3 x 1 x low,Background,7,2,Position,3,Image 1,0,,,,,,
1783.85,3,Output On Event,Sound #1,,7,0,,,,,,,,,,
1783.85,3,Output On Event,Sound #2,,7,0,,,,,,,,,,
1783.85,3,Output On Event,Sound #3,,7,0,,,,,,,,,,
1783.85,7,Pulse Output Event,Sound_On #1,,7,1,Duration,0,,,,,,,,
1783.85,29,Timer Event,Time_Out_Timer,,7,1,Value,0,,,,,,,,
1783.85,21,Group Change Event,Group Change,,7,1,New Group,10,,,,,,,,
1783.85,1,Condition Event,TO Houselight On,,10,0,,,,,,,,,,
1783.85,3,Output On Event,HouseLight #1,,10,0,,,,,,,,,,
1783.85,21,Group Change Event,Group Change,,10,1,New Group,11,,,,,,,,
1783.85,1,Condition Event,Sequential Correction Trials,,11,0,,,,,,,,,,
1783.85,16,Variable Event,Sequential_Correction_Trials,,11,1,Value,8,,,,,,,,
1783.85,16,Variable Event,Increment_this_trial,,11,1,Value,0,,,,,,,,
1783.85,21,Group Change Event,Group Change,,11,1,New Group,12,,,,,,,,
1783.85,1,Condition Event,Incorrect Trails to Correction Trial,,12,0,,,,,,,,,,
1783.85,16,Variable Event,Correction_Counter,,12,1,Value,9,,,,,,,,
1783.85,21,Group Change Event,Group Change,,12,1,New Group,18,,,,,,,,
1783.85,1,Condition Event,Change ITI time,,18,0,,,,,,,,,,
1783.85,16,Variable Event,ITI,,18,1,Value,20,,,,,,,,
1783.85,21,Group Change Event,Group Change,,18,1,New Group,13,,,,,,,,
1784.372,31,Touch Up Event,Bussey Mouse Operant Mode 3 x 1 x low,,13,4,Position,3,Image 1,0,CoordX,28,CoordY,193,,
1785.517,38,Input Transition On Event,FIRBeam #1,,13,0,,,,,,,,,,
1786.36,39,Input Transition Off Event,FIRBeam #1,,13,0,,,,,,,,,,
1788.85,1,Condition Event,Time Out End,,13,0,,,,,,,,,,
1788.85,29,Timer Event,ITI_Timer,,13,1,Value,0,,,,,,,,
1788.85,21,Group Change Event,Group Change,,13,1,New Group,14,,,,,,,,
1788.85,1,Condition Event,Reset Houselight off,,14,0,,,,,,,,,,
1788.85,4,Output Off Event,HouseLight #1,,14,0,,,,,,,,,,
1788.85,21,Group Change Event,Group Change,,14,1,New Group,9,,,,,,,,
1788.868,30,Touch Down Event,Bussey Mouse Operant Mode 3 x 1 x low,,9,4,Position,1,Image 1,0,CoordX,103,CoordY,114,,
1788.869,1,Condition Event,Left Screen Touches,,9,0,,,,,,,,,,
1788.869,16,Variable Event,Left_Touches_during_ITI,,9,1,Value,63,,,,,,,,
1788.869,61,Group Maintain Event,Group Change,,9,1,New Group,9,,,,,,,,
1789.121,31,Touch Up Event,Bussey Mouse Operant Mode 3 x 1 x low,,9,4,Position,1,Image 1,0,CoordX,120,CoordY,99,,
1789.221,30,Touch Down Event,Bussey Mouse Operant Mode 3 x 1 x low,,9,4,Position,1,Image 1,0,CoordX,138,CoordY,118,,
1789.222,1,Condition Event,Left Screen Touches,,9,0,,,,,,,,,,
1789.222,16,Variable Event,Left_Touches_during_ITI,,9,1,Value,64,,,,,,,,
1789.222,61,Group Maintain Event,Group Change,,9,1,New Group,9,,,,,,,,
1789.414,31,Touch Up Event,Bussey Mouse Operant Mode 3 x 1 x low,,9,4,Position,1,Image 1,0,CoordX,138,CoordY,135,,
1791.388,38,Input Transition On Event,FIRBeam #1,,9,0,,,,,,,,,,
1791.913,39,Input Transition Off Event,FIRBeam #1,,9,0,,,,,,,,,,
1793.923,38,Input Transition On Event,FIRBeam #1,,9,0,,,,,,,,,,
1794.314,39,Input Transition Off Event,FIRBeam #1,,9,0,,,,,,,,,,
1795.43,38,Input Transition On Event,FIRBeam #1,,9,0,,,,,,,,,,
1795.869,39,Input Transition Off Event,FIRBeam #1,,9,0,,,,,,,,,,
1801.792,38,Input Transition On Event,FIRBeam #1,,9,0,,,,,,,,,,
1802.584,39,Input Transition Off Event,FIRBeam #1,,9,0,,,,,,,,,,
1805.695,38,Input Transition On Event,FIRBeam #1,,9,0,,,,,,,,,,
1808.85,1,Condition Event,Next trial,,9,0,,,,,,,,,,
1808.85,3,Output On Event,TrayLight #1,,9,0,,,,,,,,,,
1808.85,16,Variable Event,First_Trial,,9,1,Value,0,,,,,,,,
1808.85,16,Variable Event,First_Analysis,,9,1,Value,1,,,,,,,,
1808.85,16,Variable Event,ITI,,9,1,Value,20,,,,,,,,
1808.85,21,Group Change Event,Group Change,,9,1,New Group,15,,,,,,,,
1808.85,1,Condition Event,Start Correction Trial,,15,0,,,,,,,,,,
1808.85,16,Variable Event,Correction_Trial,,15,1,Value,1,,,,,,,,
1808.85,21,Group Change Event,Group Change,,15,1,New Group,16,,,,,,,,
1808.877,39,Input Transition Off Event,FIRBeam #1,,16,0,,,,,,,,,,
1809.032,38,Input Transition On Event,BIRBeam #1,,16,0,,,,,,,,,,
1809.303,38,Input Transition On Event,Tray #1,,16,0,,,,,,,,,,
1809.303,1,Condition Event,Tray Entry Noted,,16,0,,,,,,,,,,
1809.303,4,Output Off Event,TrayLight #1,,16,0,,,,,,,,,,
1809.303,4,Output Off Event,Sound #1,,16,0,,,,,,,,,,
1809.303,4,Output Off Event,Sound #2,,16,0,,,,,,,,,,
1809.303,4,Output Off Event,Sound #3,,16,0,,,,,,,,,,
1809.303,7,Pulse Output Event,Sound_On #1,,16,1,Duration,0,,,,,,,,
1809.303,21,Group Change Event,Group Change,,16,1,New Group,17,,,,,,,,
1809.367,39,Input Transition Off Event,Tray #1,,17,0,,,,,,,,,,
1809.367,1,Condition Event,Tray Exit Starts Correction Trial,,17,0,,,,,,,,,,
1809.367,16,Variable Event,Total_No_Correction_Trials,,17,1,Value,32,,,,,,,,
1809.367,21,Group Change Event,Group Change,,17,1,New Group,6,,,,,,,,
1809.367,1,Condition Event,Display Images,,6,0,,,,,,,,,,
1809.367,32,Whisker - Display Image,Bussey Mouse Operant Mode 3 x 1 x low,Images,6,2,Position,1,Image 1,0,,,,,,
1809.367,32,Whisker - Display Image,Bussey Mouse Operant Mode 3 x 1 x low,Images,6,2,Position,3,Image 2,1,,,,,,
1809.367,21,Group Change Event,Group Change,,6,1,New Group,7,,,,,,,,
1809.402,38,Input Transition On Event,Tray #1,,7,0,,,,,,,,,,
1809.444,39,Input Transition Off Event,Tray #1,,7,0,,,,,,,,,,
1810.091,39,Input Transition Off Event,BIRBeam #1,,7,0,,,,,,,,,,
1810.392,38,Input Transition On Event,FIRBeam #1,,7,0,,,,,,,,,,
1811.906,30,Touch Down Event,Bussey Mouse Operant Mode 3 x 1 x low,,7,4,Position,3,Image 2,1,CoordX,61,CoordY,193,,
1811.907,1,Condition Event,Incorrect,,7,0,,,,,,,,,,
1811.907,32,Whisker - Display Image,Bussey Mouse Operant Mode 3 x 1 x low,Background,7,2,Position,1,Image 1,0,,,,,,
1811.907,32,Whisker - Display Image,Bussey Mouse Operant Mode 3 x 1 x low,Background,7,2,Position,3,Image 1,0,,,,,,
1811.907,3,Output On Event,Sound #1,,7,0,,,,,,,,,,
1811.907,3,Output On Event,Sound #2,,7,0,,,,,,,,,,
1811.907,3,Output On Event,Sound #3,,7,0,,,,,,,,,,
1811.907,7,Pulse Output Event,Sound_On #1,,7,1,Duration,0,,,,,,,,
1811.907,29,Timer Event,Time_Out_Timer,,7,1,Value,0,,,,,,,,
1811.907,21,Group Change Event,Group Change,,7,1,New Group,10,,,,,,,,
1811.907,1,Condition Event,TO Houselight On,,10,0,,,,,,,,,,
1811.907,3,Output On Event,HouseLight #1,,10,0,,,,,,,,,,
1811.907,21,Group Change Event,Group Change,,10,1,New Group,11,,,,,,,,
1811.908,1,Condition Event,Sequential Correction Trials,,11,0,,,,,,,,,,
1811.908,16,Variable Event,Sequential_Correction_Trials,,11,1,Value,9,,,,,,,,
1811.908,16,Variable Event,Increment_this_trial,,11,1,Value,0,,,,,,,,
1811.908,21,Group Change Event,Group Change,,11,1,New Group,12,,,,,,,,
1811.908,1,Condition Event,Incorrect Trails to Correction Trial,,12,0,,,,,,,,,,
1811.908,16,Variable Event,Correction_Counter,,12,1,Value,10,,,,,,,,
1811.908,21,Group Change Event,Group Change,,12,1,New Group,18,,,,,,,,
1811.908,1,Condition Event,Change ITI time,,18,0,,,,,,,,,,
1811.908,16,Variable Event,ITI,,18,1,Value,20,,,,,,,,
1811.908,21,Group Change Event,Group Change,,18,1,New Group,13,,,,,,,,
1811.985,39,Input Transition Off Event,FIRBeam #1,,13,0,,,,,,,,,,
1812.02,31,Touch Up Event,Bussey Mouse Operant Mode 3 x 1 x low,,13,4,Position,3,Image 1,0,CoordX,28,CoordY,193,,
1812.119,30,Touch Down Event,Bussey Mouse Operant Mode 3 x 1 x low,,13,4,Position,3,Image 1,0,CoordX,28,CoordY,154,,
1812.411,31,Touch Up Event,Bussey Mouse Operant Mode 3 x 1 x low,,13,4,Position,3,Image 1,0,CoordX,43,CoordY,118,,
1812.642,38,Input Transition On Event,FIRBeam #1,,13,0,,,,,,,,,,
1812.791,39,Input Transition Off Event,FIRBeam #1,,13,0,,,,,,,,,,
1813.225,38,Input Transition On Event,FIRBeam #1,,13,0,,,,,,,,,,
1813.641,39,Input Transition Off Event,FIRBeam #1,,13,0,,,,,,,,,,
1813.941,38,Input Transition On Event,BIRBeam #1,,13,0,,,,,,,,,,
1814.47,38,Input Transition On Event,Tray #1,,13,0,,,,,,,,,,
1814.892,39,Input Transition Off Event,Tray #1,,13,0,,,,,,,,,,
1816.14,39,Input Transition Off Event,BIRBeam #1,,13,0,,,,,,,,,,
1816.907,1,Condition Event,Time Out End,,13,0,,,,,,,,,,
1816.907,29,Timer Event,ITI_Timer,,13,1,Value,0,,,,,,,,
1816.907,21,Group Change Event,Group Change,,13,1,New Group,14,,,,,,,,
1816.907,1,Condition Event,Reset Houselight off,,14,0,,,,,,,,,,
1816.907,4,Output Off Event,HouseLight #1,,14,0,,,,,,,,,,
1816.907,21,Group Change Event,Group Change,,14,1,New Group,9,,,,,,,,
1817.009,38,Input Transition On Event,BIRBeam #1,,9,0,,,,,,,,,,
1818.301,39,Input Transition Off Event,BIRBeam #1,,9,0,,,,,,,,,,
1818.634,38,Input Transition On Event,BIRBeam #1,,9,0,,,,,,,,,,
1820.287,39,Input Transition Off Event,BIRBeam #1,,9,0,,,,,,,,,,
1820.399,38,Input Transition On Event,BIRBeam #1,,9,0,,,,,,,,,,
1820.901,39,Input Transition Off Event,BIRBeam #1,,9,0,,,,,,,,,,
1822.457,38,Input Transition On Event,BIRBeam #1,,9,0,,,,,,,,,,
1823.82,39,Input Transition Off Event,BIRBeam #1,,9,0,,,,,,,,,,
1825.143,38,Input Transition On Event,BIRBeam #1,,9,0,,,,,,,,,,
1826.857,38,Input Transition On Event,Tray #1,,9,0,,,,,,,,,,
1826.898,39,Input Transition Off Event,Tray #1,,9,0,,,,,,,,,,
1827.111,39,Input Transition Off Event,BIRBeam #1,,9,0,,,,,,,,,,
1828.185,38,Input Transition On Event,BIRBeam #1,,9,0,,,,,,,,,,
1829.247,38,Input Transition On Event,Tray #1,,9,0,,,,,,,,,,
1829.281,39,Input Transition Off Event,Tray #1,,9,0,,,,,,,,,,
1829.321,38,Input Transition On Event,Tray #1,,9,0,,,,,,,,,,
1829.705,39,Input Transition Off Event,Tray #1,,9,0,,,,,,,,,,
1830.845,39,Input Transition Off Event,BIRBeam #1,,9,0,,,,,,,,,,
1831.497,38,Input Transition On Event,FIRBeam #1,,9,0,,,,,,,,,,
1833.451,39,Input Transition Off Event,FIRBeam #1,,9,0,,,,,,,,,,
1835.25,38,Input Transition On Event,FIRBeam #1,,9,0,,,,,,,,,,
1835.348,39,Input Transition Off Event,FIRBeam #1,,9,0,,,,,,,,,,
1836.907,1,Condition Event,Next trial,,9,0,,,,,,,,,,
1836.907,3,Output On Event,TrayLight #1,,9,0,,,,,,,,,,
1836.907,16,Variable Event,First_Trial,,9,1,Value,0,,,,,,,,
1836.907,16,Variable Event,First_Analysis,,9,1,Value,1,,,,,,,,
1836.907,16,Variable Event,ITI,,9,1,Value,20,,,,,,,,
1836.907,21,Group Change Event,Group Change,,9,1,New Group,15,,,,,,,,
1836.907,1,Condition Event,Start Correction Trial,,15,0,,,,,,,,,,
1836.907,16,Variable Event,Correction_Trial,,15,1,Value,1,,,,,,,,
1836.907,21,Group Change Event,Group Change,,15,1,New Group,16,,,,,,,,
1837.315,30,Touch Down Event,Bussey Mouse Operant Mode 3 x 1 x low,,16,4,Position,1,Image 1,0,CoordX,155,CoordY,174,,
1837.57,31,Touch Up Event,Bussey Mouse Operant Mode 3 x 1 x low,,16,4,Position,1,Image 1,0,CoordX,155,CoordY,149,,
1838.809,38,Input Transition On Event,FIRBeam #1,,16,0,,,,,,,,,,
1839.403,39,Input Transition Off Event,FIRBeam #1,,16,0,,,,,,,,,,
1839.551,38,Input Transition On Event,BIRBeam #1,,16,0,,,,,,,,,,
1839.924,39,Input Transition Off Event,BIRBeam #1,,16,0,,,,,,,,,,
1840.744,38,Input Transition On Event,FIRBeam #1,,16,0,,,,,,,,,,
1841.097,39,Input Transition Off Event,FIRBeam #1,,16,0,,,,,,,,,,
1841.389,38,Input Transition On Event,FIRBeam #1,,16,0,,,,,,,,,,
1841.78,39,Input Transition Off Event,FIRBeam #1,,16,0,,,,,,,,,,
1842.101,38,Input Transition On Event,FIRBeam #1,,16,0,,,,,,,,,,
1844.664,39,Input Transition Off Event,FIRBeam #1,,16,0,,,,,,,,,,
1845.833,30,Touch Down Event,Bussey Mouse Operant Mode 3 x 1 x low,,16,4,Position,2,Image 1,0,CoordX,49,CoordY,41,,
1846.121,31,Touch Up Event,Bussey Mouse Operant Mode 3 x 1 x low,,16,4,Position,2,Image 1,0,CoordX,49,CoordY,99,,
1846.19,38,Input Transition On Event,FIRBeam #1,,16,0,,,,,,,,,,
1846.348,39,Input Transition Off Event,FIRBeam #1,,16,0,,,,,,,,,,
1846.529,38,Input Transition On Event,FIRBeam #1,,16,0,,,,,,,,,,
1846.753,39,Input Transition Off Event,FIRBeam #1,,16,0,,,,,,,,,,
1847.022,38,Input Transition On Event,BIRBeam #1,,16,0,,,,,,,,,,
1847.47,39,Input Transition Off Event,BIRBeam #1,,16,0,,,,,,,,,,
1848.245,38,Input Transition On Event,FIRBeam #1,,16,0,,,,,,,,,,
1848.934,39,Input Transition Off Event,FIRBeam #1,,16,0,,,,,,,,,,
1849.083,30,Touch Down Event,Bussey Mouse Operant Mode 3 x 1 x low,,16,4,Position,1,Image 1,0,CoordX,71,CoordY,61,,
1849.355,31,Touch Up Event,Bussey Mouse Operant Mode 3 x 1 x low,,16,4,Position,1,Image 1,0,CoordX,71,CoordY,41,,
1849.361,38,Input Transition On Event,FIRBeam #1,,16,0,,,,,,,,,,
1850.383,39,Input Transition Off Event,FIRBeam #1,,16,0,,,,,,,,,,
1850.741,38,Input Transition On Event,BIRBeam #1,,16,0,,,,,,,,,,
1851.167,38,Input Transition On Event,Tray #1,,16,0,,,,,,,,,,
1851.167,1,Condition Event,Tray Entry Noted,,16,0,,,,,,,,,,
1851.167,4,Output Off Event,TrayLight #1,,16,0,,,,,,,,,,
1851.167,4,Output Off Event,Sound #1,,16,0,,,,,,,,,,
1851.167,4,Output Off Event,Sound #2,,16,0,,,,,,,,,,
1851.167,4,Output Off Event,Sound #3,,16,0,,,,,,,,,,
1851.167,7,Pulse Output Event,Sound_On #1,,16,1,Duration,0,,,,,,,,
1851.167,21,Group Change Event,Group Change,,16,1,New Group,17,,,,,,,,
1851.577,39,Input Transition Off Event,Tray #1,,17,0,,,,,,,,,,
1851.577,1,Condition Event,Tray Exit Starts Correction Trial,,17,0,,,,,,,,,,
1851.577,16,Variable Event,Total_No_Correction_Trials,,17,1,Value,33,,,,,,,,
1851.577,21,Group Change Event,Group Change,,17,1,New Group,6,,,,,,,,
1851.577,1,Condition Event,Display Images,,6,0,,,,,,,,,,
1851.577,32,Whisker - Display Image,Bussey Mouse Operant Mode 3 x 1 x low,Images,6,2,Position,1,Image 1,0,,,,,,
1851.577,32,Whisker - Display Image,Bussey Mouse Operant Mode 3 x 1 x low,Images,6,2,Position,3,Image 2,1,,,,,,
1851.577,21,Group Change Event,Group Change,,6,1,New Group,7,,,,,,,,
1852.13,39,Input Transition Off Event,BIRBeam #1,,7,0,,,,,,,,,,
1853.06,38,Input Transition On Event,FIRBeam #1,,7,0,,,,,,,,,,
1853.786,39,Input Transition Off Event,FIRBeam #1,,7,0,,,,,,,,,,
1854.735,30,Touch Down Event,Bussey Mouse Operant Mode 3 x 1 x low,,7,4,Position,3,Image 2,1,CoordX,96,CoordY,198,,
1854.736,1,Condition Event,Incorrect,,7,0,,,,,,,,,,
1854.736,32,Whisker - Display Image,Bussey Mouse Operant Mode 3 x 1 x low,Background,7,2,Position,1,Image 1,0,,,,,,
1854.736,32,Whisker - Display Image,Bussey Mouse Operant Mode 3 x 1 x low,Background,7,2,Position,3,Image 1,0,,,,,,
1854.736,3,Output On Event,Sound #1,,7,0,,,,,,,,,,
1854.736,3,Output On Event,Sound #2,,7,0,,,,,,,,,,
1854.736,3,Output On Event,Sound #3,,7,0,,,,,,,,,,
1854.736,7,Pulse Output Event,Sound_On #1,,7,1,Duration,0,,,,,,,,
1854.736,29,Timer Event,Time_Out_Timer,,7,1,Value,0,,,,,,,,
1854.736,21,Group Change Event,Group Change,,7,1,New Group,10,,,,,,,,
1854.736,1,Condition Event,TO Houselight On,,10,0,,,,,,,,,,
1854.736,3,Output On Event,HouseLight #1,,10,0,,,,,,,,,,
1854.736,21,Group Change Event,Group Change,,10,1,New Group,11,,,,,,,,
1854.736,1,Condition Event,Sequential Correction Trials,,11,0,,,,,,,,,,
1854.736,16,Variable Event,Sequential_Correction_Trials,,11,1,Value,10,,,,,,,,
1854.736,16,Variable Event,Increment_this_trial,,11,1,Value,0,,,,,,,,
1854.736,21,Group Change Event,Group Change,,11,1,New Group,12,,,,,,,,
1854.736,1,Condition Event,Incorrect Trails to Correction Trial,,12,0,,,,,,,,,,
1854.736,16,Variable Event,Correction_Counter,,12,1,Value,11,,,,,,,,
1854.736,21,Group Change Event,Group Change,,12,1,New Group,18,,,,,,,,
1854.736,1,Condition Event,Change ITI time,,18,0,,,,,,,,,,
1854.736,16,Variable Event,ITI,,18,1,Value,20,,,,,,,,
1854.736,21,Group Change Event,Group Change,,18,1,New Group,13,,,,,,,,
1854.91,31,Touch Up Event,Bussey Mouse Operant Mode 3 x 1 x low,,13,4,Position,3,Image 1,0,CoordX,96,CoordY,174,,
1855.081,38,Input Transition On Event,FIRBeam #1,,13,0,,,,,,,,,,
1855.195,39,Input Transition Off Event,FIRBeam #1,,13,0,,,,,,,,,,
1859.736,1,Condition Event,Time Out End,,13,0,,,,,,,,,,
1859.736,29,Timer Event,ITI_Timer,,13,1,Value,0,,,,,,,,
1859.736,21,Group Change Event,Group Change,,13,1,New Group,14,,,,,,,,
1859.736,1,Condition Event,Reset Houselight off,,14,0,,,,,,,,,,
1859.736,4,Output Off Event,HouseLight #1,,14,0,,,,,,,,,,
1859.736,21,Group Change Event,Group Change,,14,1,New Group,9,,,,,,,,
1861.613,30,Touch Down Event,Bussey Mouse Operant Mode 3 x 1 x low,,9,4,Position,1,Image 1,0,CoordX,36,CoordY,135,,
1861.614,1,Condition Event,Left Screen Touches,,9,0,,,,,,,,,,
1861.614,16,Variable Event,Left_Touches_during_ITI,,9,1,Value,65,,,,,,,,
1861.614,61,Group Maintain Event,Group Change,,9,1,New Group,9,,,,,,,,
1862.99,31,Touch Up Event,Bussey Mouse Operant Mode 3 x 1 x low,,9,4,Position,1,Image 1,0,CoordX,94,CoordY,99,,
1863.029,30,Touch Down Event,Bussey Mouse Operant Mode 3 x 1 x low,,9,4,Position,1,Image 1,0,CoordX,138,CoordY,128,,
1863.03,1,Condition Event,Left Screen Touches,,9,0,,,,,,,,,,
1863.03,16,Variable Event,Left_Touches_during_ITI,,9,1,Value,66,,,,,,,,
1863.03,61,Group Maintain Event,Group Change,,9,1,New Group,9,,,,,,,,
1863.205,31,Touch Up Event,Bussey Mouse Operant Mode 3 x 1 x low,,9,4,Position,1,Image 1,0,CoordX,138,CoordY,118,,
1863.385,30,Touch Down Event,Bussey Mouse Operant Mode 3 x 1 x low,,9,4,Position,1,Image 1,0,CoordX,155,CoordY,135,,
1863.386,1,Condition Event,Left Screen Touches,,9,0,,,,,,,,,,
1863.386,16,Variable Event,Left_Touches_during_ITI,,9,1,Value,67,,,,,,,,
1863.386,61,Group Maintain Event,Group Change,,9,1,New Group,9,,,,,,,,
1864.105,31,Touch Up Event,Bussey Mouse Operant Mode 3 x 1 x low,,9,4,Position,1,Image 1,0,CoordX,173,CoordY,118,,
1864.598,38,Input Transition On Event,FIRBeam #1,,9,0,,,,,,,,,,
1866.222,39,Input Transition Off Event,FIRBeam #1,,9,0,,,,,,,,,,
1866.859,38,Input Transition On Event,FIRBeam #1,,9,0,,,,,,,,,,
1867.39,39,Input Transition Off Event,FIRBeam #1,,9,0,,,,,,,,,,
1867.913,30,Touch Down Event,Bussey Mouse Operant Mode 3 x 1 x low,,9,4,Position,2,Image 1,0,CoordX,31,CoordY,154,,
1867.913,1,Condition Event,Centre Screen Touches,,9,0,,,,,,,,,,
1867.913,16,Variable Event,Centre_Touches_during_ITI,,9,1,Value,30,,,,,,,,
1867.913,61,Group Maintain Event,Group Change,,9,1,New Group,9,,,,,,,,
1868.029,31,Touch Up Event,Bussey Mouse Operant Mode 3 x 1 x low,,9,4,Position,2,Image 1,0,CoordX,31,CoordY,154,,
1868.086,30,Touch Down Event,Bussey Mouse Operant Mode 3 x 1 x low,,9,4,Position,2,Image 1,0,CoordX,63,CoordY,99,,
1868.087,1,Condition Event,Centre Screen Touches,,9,0,,,,,,,,,,
1868.087,16,Variable Event,Centre_Touches_during_ITI,,9,1,Value,31,,,,,,,,
1868.087,61,Group Maintain Event,Group Change,,9,1,New Group,9,,,,,,,,
1869.575,31,Touch Up Event,Bussey Mouse Operant Mode 3 x 1 x low,,9,4,Position,2,Image 1,0,CoordX,178,CoordY,174,,
1869.934,30,Touch Down Event,Bussey Mouse Operant Mode 3 x 1 x low,,9,4,Position,3,Image 1,0,CoordX,114,CoordY,179,,
1869.935,1,Condition Event,Right Screen Touches,,9,0,,,,,,,,,,
1869.935,16,Variable Event,Right_touches_during_ITI,,9,1,Value,37,,,,,,,,
1869.935,61,Group Maintain Event,Group Change,,9,1,New Group,9,,,,,,,,
1871.56,31,Touch Up Event,Bussey Mouse Operant Mode 3 x 1 x low,,9,4,Position,3,Image 1,0,CoordX,114,CoordY,212,,
1871.56,30,Touch Down Event,Bussey Mouse Operant Mode 3 x 1 x low,,9,4,Position,0,(NoImageOrVideo),-1,CoordX,627,CoordY,555,,
1872.295,31,Touch Up Event,Bussey Mouse Operant Mode 3 x 1 x low,,9,4,Position,3,Image 1,0,CoordX,35,CoordY,221,,
1873.394,30,Touch Down Event,Bussey Mouse Operant Mode 3 x 1 x low,,9,4,Position,2,Image 1,0,CoordX,63,CoordY,193,,
1873.394,1,Condition Event,Centre Screen Touches,,9,0,,,,,,,,,,
1873.394,16,Variable Event,Centre_Touches_during_ITI,,9,1,Value,32,,,,,,,,
1873.394,61,Group Maintain Event,Group Change,,9,1,New Group,9,,,,,,,,
1874.187,31,Touch Up Event,Bussey Mouse Operant Mode 3 x 1 x low,,9,4,Position,2,Image 1,0,CoordX,188,CoordY,193,,
1875.672,38,Input Transition On Event,FIRBeam #1,,9,0,,,,,,,,,,
1875.868,39,Input Transition Off Event,FIRBeam #1,,9,0,,,,,,,,,,
1876.397,30,Touch Down Event,Bussey Mouse Operant Mode 3 x 1 x low,,9,4,Position,1,Image 1,0,CoordX,59,CoordY,169,,
1876.397,1,Condition Event,Left Screen Touches,,9,0,,,,,,,,,,
1876.397,16,Variable Event,Left_Touches_during_ITI,,9,1,Value,68,,,,,,,,
1876.397,61,Group Maintain Event,Group Change,,9,1,New Group,9,,,,,,,,
1876.705,31,Touch Up Event,Bussey Mouse Operant Mode 3 x 1 x low,,9,4,Position,1,Image 1,0,CoordX,71,CoordY,193,,
1876.859,30,Touch Down Event,Bussey Mouse Operant Mode 3 x 1 x low,,9,4,Position,1,Image 1,0,CoordX,71,CoordY,110,,
1876.859,1,Condition Event,Left Screen Touches,,9,0,,,,,,,,,,
1876.859,16,Variable Event,Left_Touches_during_ITI,,9,1,Value,69,,,,,,,,
1876.859,61,Group Maintain Event,Group Change,,9,1,New Group,9,,,,,,,,
1877.361,31,Touch Up Event,Bussey Mouse Operant Mode 3 x 1 x low,,9,4,Position,1,Image 1,0,CoordX,53,CoordY,125,,
1877.5,30,Touch Down Event,Bussey Mouse Operant Mode 3 x 1 x low,,9,4,Position,0,(NoImageOrVideo),-1,CoordX,79,CoordY,555,,
1878.831,31,Touch Up Event,Bussey Mouse Operant Mode 3 x 1 x low,,9,4,Position,1,Image 1,0,CoordX,37,CoordY,223,,
1879.736,1,Condition Event,Next trial,,9,0,,,,,,,,,,
1879.736,3,Output On Event,TrayLight #1,,9,0,,,,,,,,,,
1879.736,16,Variable Event,First_Trial,,9,1,Value,0,,,,,,,,
1879.736,16,Variable Event,First_Analysis,,9,1,Value,1,,,,,,,,
1879.736,16,Variable Event,ITI,,9,1,Value,20,,,,,,,,
1879.736,21,Group Change Event,Group Change,,9,1,New Group,15,,,,,,,,
1879.736,1,Condition Event,Start Correction Trial,,15,0,,,,,,,,,,
1879.736,16,Variable Event,Correction_Trial,,15,1,Value,1,,,,,,,,
1879.736,21,Group Change Event,Group Change,,15,1,New Group,16,,,,,,,,
1880.109,30,Touch Down Event,Bussey Mouse Operant Mode 3 x 1 x low,,16,4,Position,0,(NoImageOrVideo),-1,CoordX,79,CoordY,555,,
1880.651,31,Touch Up Event,Bussey Mouse Operant Mode 3 x 1 x low,,16,4,Position,1,Image 1,0,CoordX,71,CoordY,212,,
1881.274,38,Input Transition On Event,FIRBeam #1,,16,0,,,,,,,,,,
1883.17,39,Input Transition Off Event,FIRBeam #1,,16,0,,,,,,,,,,
1884.079,30,Touch Down Event,Bussey Mouse Operant Mode 3 x 1 x low,,16,4,Position,2,Image 1,0,CoordX,63,CoordY,40,,
1885.247,31,Touch Up Event,Bussey Mouse Operant Mode 3 x 1 x low,,16,4,Position,2,Image 1,0,CoordX,63,CoordY,85,,
1886.378,30,Touch Down Event,Bussey Mouse Operant Mode 3 x 1 x low,,16,4,Position,1,Image 1,0,CoordX,53,CoordY,135,,
1887.385,31,Touch Up Event,Bussey Mouse Operant Mode 3 x 1 x low,,16,4,Position,1,Image 1,0,CoordX,203,CoordY,212,,
1887.975,38,Input Transition On Event,FIRBeam #1,,16,0,,,,,,,,,,
1888.187,39,Input Transition Off Event,FIRBeam #1,,16,0,,,,,,,,,,
1888.484,30,Touch Down Event,Bussey Mouse Operant Mode 3 x 1 x low,,16,4,Position,2,Image 1,0,CoordX,116,CoordY,89,,
1890.953,31,Touch Up Event,Bussey Mouse Operant Mode 3 x 1 x low,,16,4,Position,2,Image 1,0,CoordX,116,CoordY,70,,
1892.168,30,Touch Down Event,Bussey Mouse Operant Mode 3 x 1 x low,,16,4,Position,3,Image 1,0,CoordX,96,CoordY,118,,
1893.148,31,Touch Up Event,Bussey Mouse Operant Mode 3 x 1 x low,,16,4,Position,3,Image 1,0,CoordX,28,CoordY,75,,
1893.475,30,Touch Down Event,Bussey Mouse Operant Mode 3 x 1 x low,,16,4,Position,2,Image 1,0,CoordX,166,CoordY,80,,
1893.745,31,Touch Up Event,Bussey Mouse Operant Mode 3 x 1 x low,,16,4,Position,2,Image 1,0,CoordX,166,CoordY,80,,
1894.204,30,Touch Down Event,Bussey Mouse Operant Mode 3 x 1 x low,,16,4,Position,0,(NoImageOrVideo),-1,CoordX,574,CoordY,555,,
1895.026,31,Touch Up Event,Bussey Mouse Operant Mode 3 x 1 x low,,16,4,Position,0,(NoImageOrVideo),-1,CoordX,645,CoordY,594,,
1895.959,30,Touch Down Event,Bussey Mouse Operant Mode 3 x 1 x low,,16,4,Position,3,Image 1,0,CoordX,164,CoordY,52,,
1896.512,31,Touch Up Event,Bussey Mouse Operant Mode 3 x 1 x low,,16,4,Position,3,Image 1,0,CoordX,131,CoordY,227,,
1896.845,38,Input Transition On Event,FIRBeam #1,,16,0,,,,,,,,,,
1897.273,39,Input Transition Off Event,FIRBeam #1,,16,0,,,,,,,,,,
1897.74,38,Input Transition On Event,FIRBeam #1,,16,0,,,,,,,,,,
1898.715,30,Touch Down Event,Bussey Mouse Operant Mode 3 x 1 x low,,16,4,Position,2,Image 1,0,CoordX,63,CoordY,86,,
1898.745,39,Input Transition Off Event,FIRBeam #1,,16,0,,,,,,,,,,
1898.87,31,Touch Up Event,Bussey Mouse Operant Mode 3 x 1 x low,,16,4,Position,2,Image 1,0,CoordX,88,CoordY,85,,
1898.923,38,Input Transition On Event,FIRBeam #1,,16,0,,,,,,,,,,
1899.035,39,Input Transition Off Event,FIRBeam #1,,16,0,,,,,,,,,,
1899.62,38,Input Transition On Event,FIRBeam #1,,16,0,,,,,,,,,,
1899.896,39,Input Transition Off Event,FIRBeam #1,,16,0,,,,,,,,,,
1900.19,38,Input Transition On Event,BIRBeam #1,,16,0,,,,,,,,,,
1900.44,39,Input Transition Off Event,BIRBeam #1,,16,0,,,,,,,,,,
1902.596,38,Input Transition On Event,FIRBeam #1,,16,0,,,,,,,,,,
1903.255,39,Input Transition Off Event,FIRBeam #1,,16,0,,,,,,,,,,
1904.367,30,Touch Down Event,Bussey Mouse Operant Mode 3 x 1 x low,,16,4,Position,2,Image 1,0,CoordX,31,CoordY,41,,
1905.01,31,Touch Up Event,Bussey Mouse Operant Mode 3 x 1 x low,,16,4,Position,2,Image 1,0,CoordX,31,CoordY,80,,
1905.567,30,Touch Down Event,Bussey Mouse Operant Mode 3 x 1 x low,,16,4,Position,1,Image 1,0,CoordX,53,CoordY,174,,
1905.625,31,Touch Up Event,Bussey Mouse Operant Mode 3 x 1 x low,,16,4,Position,1,Image 1,0,CoordX,53,CoordY,174,,
1905.724,30,Touch Down Event,Bussey Mouse Operant Mode 3 x 1 x low,,16,4,Position,0,(NoImageOrVideo),-1,CoordX,61,CoordY,555,,
1905.972,31,Touch Up Event,Bussey Mouse Operant Mode 3 x 1 x low,,16,4,Position,1,Image 1,0,CoordX,25,CoordY,227,,
1906.246,38,Input Transition On Event,FIRBeam #1,,16,0,,,,,,,,,,
1906.644,39,Input Transition Off Event,FIRBeam #1,,16,0,,,,,,,,,,
1907.028,38,Input Transition On Event,BIRBeam #1,,16,0,,,,,,,,,,
1907.274,38,Input Transition On Event,Tray #1,,16,0,,,,,,,,,,
1907.275,1,Condition Event,Tray Entry Noted,,16,0,,,,,,,,,,
1907.275,4,Output Off Event,TrayLight #1,,16,0,,,,,,,,,,
1907.275,4,Output Off Event,Sound #1,,16,0,,,,,,,,,,
1907.275,4,Output Off Event,Sound #2,,16,0,,,,,,,,,,
1907.275,4,Output Off Event,Sound #3,,16,0,,,,,,,,,,
1907.275,7,Pulse Output Event,Sound_On #1,,16,1,Duration,0,,,,,,,,
1907.275,21,Group Change Event,Group Change,,16,1,New Group,17,,,,,,,,
1907.425,39,Input Transition Off Event,Tray #1,,17,0,,,,,,,,,,
1907.426,1,Condition Event,Tray Exit Starts Correction Trial,,17,0,,,,,,,,,,
1907.426,16,Variable Event,Total_No_Correction_Trials,,17,1,Value,34,,,,,,,,
1907.426,21,Group Change Event,Group Change,,17,1,New Group,6,,,,,,,,
1907.426,1,Condition Event,Display Images,,6,0,,,,,,,,,,
1907.426,32,Whisker - Display Image,Bussey Mouse Operant Mode 3 x 1 x low,Images,6,2,Position,1,Image 1,0,,,,,,
1907.426,32,Whisker - Display Image,Bussey Mouse Operant Mode 3 x 1 x low,Images,6,2,Position,3,Image 2,1,,,,,,
1907.426,21,Group Change Event,Group Change,,6,1,New Group,7,,,,,,,,
1907.78,39,Input Transition Off Event,BIRBeam #1,,7,0,,,,,,,,,,
1908.088,38,Input Transition On Event,FIRBeam #1,,7,0,,,,,,,,,,
1909.101,30,Touch Down Event,Bussey Mouse Operant Mode 3 x 1 x low,,7,4,Position,3,Image 2,1,CoordX,43,CoordY,193,,
1909.102,1,Condition Event,Incorrect,,7,0,,,,,,,,,,
1909.102,32,Whisker - Display Image,Bussey Mouse Operant Mode 3 x 1 x low,Background,7,2,Position,1,Image 1,0,,,,,,
1909.102,32,Whisker - Display Image,Bussey Mouse Operant Mode 3 x 1 x low,Background,7,2,Position,3,Image 1,0,,,,,,
1909.102,3,Output On Event,Sound #1,,7,0,,,,,,,,,,
1909.102,3,Output On Event,Sound #2,,7,0,,,,,,,,,,
1909.102,3,Output On Event,Sound #3,,7,0,,,,,,,,,,
1909.102,7,Pulse Output Event,Sound_On #1,,7,1,Duration,0,,,,,,,,
1909.102,29,Timer Event,Time_Out_Timer,,7,1,Value,0,,,,,,,,
1909.102,21,Group Change Event,Group Change,,7,1,New Group,10,,,,,,,,
1909.102,1,Condition Event,TO Houselight On,,10,0,,,,,,,,,,
1909.102,3,Output On Event,HouseLight #1,,10,0,,,,,,,,,,
1909.102,21,Group Change Event,Group Change,,10,1,New Group,11,,,,,,,,
1909.102,1,Condition Event,Sequential Correction Trials,,11,0,,,,,,,,,,
1909.102,16,Variable Event,Sequential_Correction_Trials,,11,1,Value,11,,,,,,,,
1909.102,16,Variable Event,Increment_this_trial,,11,1,Value,0,,,,,,,,
1909.102,21,Group Change Event,Group Change,,11,1,New Group,12,,,,,,,,
1909.102,1,Condition Event,Incorrect Trails to Correction Trial,,12,0,,,,,,,,,,
1909.102,16,Variable Event,Correction_Counter,,12,1,Value,12,,,,,,,,
1909.102,21,Group Change Event,Group Change,,12,1,New Group,18,,,,,,,,
1909.102,1,Condition Event,Change ITI time,,18,0,,,,,,,,,,
1909.102,16,Variable Event,ITI,,18,1,Value,20,,,,,,,,
1909.102,21,Group Change Event,Group Change,,18,1,New Group,13,,,,,,,,
1909.187,39,Input Transition Off Event,FIRBeam #1,,13,0,,,,,,,,,,
1909.972,31,Touch Up Event,Bussey Mouse Operant Mode 3 x 1 x low,,13,4,Position,3,Image 1,0,CoordX,114,CoordY,135,,
1910.192,30,Touch Down Event,Bussey Mouse Operant Mode 3 x 1 x low,,13,4,Position,0,(NoImageOrVideo),-1,CoordX,627,CoordY,555,,
1910.481,31,Touch Up Event,Bussey Mouse Operant Mode 3 x 1 x low,,13,4,Position,0,(NoImageOrVideo),-1,CoordX,658,CoordY,555,,
1911.86,38,Input Transition On Event,FIRBeam #1,,13,0,,,,,,,,,,
1912.152,39,Input Transition Off Event,FIRBeam #1,,13,0,,,,,,,,,,
1912.293,38,Input Transition On Event,FIRBeam #1,,13,0,,,,,,,,,,
1912.881,39,Input Transition Off Event,FIRBeam #1,,13,0,,,,,,,,,,
1913.051,38,Input Transition On Event,FIRBeam #1,,13,0,,,,,,,,,,
1914.102,1,Condition Event,Time Out End,,13,0,,,,,,,,,,
1914.102,29,Timer Event,ITI_Timer,,13,1,Value,0,,,,,,,,
1914.102,21,Group Change Event,Group Change,,13,1,New Group,14,,,,,,,,
1914.102,1,Condition Event,Reset Houselight off,,14,0,,,,,,,,,,
1914.102,4,Output Off Event,HouseLight #1,,14,0,,,,,,,,,,
1914.102,21,Group Change Event,Group Change,,14,1,New Group,9,,,,,,,,
1914.503,39,Input Transition Off Event,FIRBeam #1,,9,0,,,,,,,,,,
1915.473,30,Touch Down Event,Bussey Mouse Operant Mode 3 x 1 x low,,9,4,Position,1,Image 1,0,CoordX,138,CoordY,118,,
1915.473,1,Condition Event,Left Screen Touches,,9,0,,,,,,,,,,
1915.473,16,Variable Event,Left_Touches_during_ITI,,9,1,Value,70,,,,,,,,
1915.473,61,Group Maintain Event,Group Change,,9,1,New Group,9,,,,,,,,
1915.647,31,Touch Up Event,Bussey Mouse Operant Mode 3 x 1 x low,,9,4,Position,1,Image 1,0,CoordX,173,CoordY,174,,
1917.048,38,Input Transition On Event,FIRBeam #1,,9,0,,,,,,,,,,
1917.464,39,Input Transition Off Event,FIRBeam #1,,9,0,,,,,,,,,,
1919.772,30,Touch Down Event,Bussey Mouse Operant Mode 3 x 1 x low,,9,4,Position,1,Image 1,0,CoordX,53,CoordY,135,,
1919.772,1,Condition Event,Left Screen Touches,,9,0,,,,,,,,,,
1919.772,16,Variable Event,Left_Touches_during_ITI,,9,1,Value,71,,,,,,,,
1919.772,61,Group Maintain Event,Group Change,,9,1,New Group,9,,,,,,,,
1919.924,31,Touch Up Event,Bussey Mouse Operant Mode 3 x 1 x low,,9,4,Position,1,Image 1,0,CoordX,53,CoordY,212,,
1920.043,30,Touch Down Event,Bussey Mouse Operant Mode 3 x 1 x low,,9,4,Position,0,(NoImageOrVideo),-1,CoordX,79,CoordY,555,,
1920.64,31,Touch Up Event,Bussey Mouse Operant Mode 3 x 1 x low,,9,4,Position,0,(NoImageOrVideo),-1,CoordX,128,CoordY,555,,
1920.73,38,Input Transition On Event,FIRBeam #1,,9,0,,,,,,,,,,
1920.894,39,Input Transition Off Event,FIRBeam #1,,9,0,,,,,,,,,,
1923.138,38,Input Transition On Event,FIRBeam #1,,9,0,,,,,,,,,,
1923.425,39,Input Transition Off Event,FIRBeam #1,,9,0,,,,,,,,,,
1925.547,30,Touch Down Event,Bussey Mouse Operant Mode 3 x 1 x low,,9,4,Position,2,Image 1,0,CoordX,81,CoordY,212,,
1925.548,1,Condition Event,Centre Screen Touches,,9,0,,,,,,,,,,
1925.548,16,Variable Event,Centre_Touches_during_ITI,,9,1,Value,33,,,,,,,,
1925.548,61,Group Maintain Event,Group Change,,9,1,New Group,9,,,,,,,,
1925.783,31,Touch Up Event,Bussey Mouse Operant Mode 3 x 1 x low,,9,4,Position,2,Image 1,0,CoordX,99,CoordY,193,,
1928.08,30,Touch Down Event,Bussey Mouse Operant Mode 3 x 1 x low,,9,4,Position,3,Image 1,0,CoordX,61,CoordY,212,,
1928.081,1,Condition Event,Right Screen Touches,,9,0,,,,,,,,,,
1928.081,16,Variable Event,Right_touches_during_ITI,,9,1,Value,38,,,,,,,,
1928.081,61,Group Maintain Event,Group Change,,9,1,New Group,9,,,,,,,,
1928.542,31,Touch Up Event,Bussey Mouse Operant Mode 3 x 1 x low,,9,4,Position,0,(NoImageOrVideo),-1,CoordX,604,CoordY,555,,
1930.199,30,Touch Down Event,Bussey Mouse Operant Mode 3 x 1 x low,,9,4,Position,2,Image 1,0,CoordX,80,CoordY,212,,
1930.2,1,Condition Event,Centre Screen Touches,,9,0,,,,,,,,,,
1930.2,16,Variable Event,Centre_Touches_during_ITI,,9,1,Value,34,,,,,,,,
1930.2,61,Group Maintain Event,Group Change,,9,1,New Group,9,,,,,,,,
1930.472,31,Touch Up Event,Bussey Mouse Operant Mode 3 x 1 x low,,9,4,Position,2,Image 1,0,CoordX,81,CoordY,154,,
1930.55,30,Touch Down Event,Bussey Mouse Operant Mode 3 x 1 x low,,9,4,Position,2,Image 1,0,CoordX,99,CoordY,154,,
1930.551,1,Condition Event,Centre Screen Touches,,9,0,,,,,,,,,,
1930.551,16,Variable Event,Centre_Touches_during_ITI,,9,1,Value,35,,,,,,,,
1930.551,61,Group Maintain Event,Group Change,,9,1,New Group,9,,,,,,,,
1931.75,31,Touch Up Event,Bussey Mouse Operant Mode 3 x 1 x low,,9,4,Position,2,Image 1,0,CoordX,159,CoordY,95,,
1932.15,30,Touch Down Event,Bussey Mouse Operant Mode 3 x 1 x low,,9,4,Position,3,Image 1,0,CoordX,146,CoordY,167,,
1932.151,1,Condition Event,Right Screen Touches,,9,0,,,,,,,,,,
1932.151,16,Variable Event,Right_touches_during_ITI,,9,1,Value,39,,,,,,,,
1932.151,61,Group Maintain Event,Group Change,,9,1,New Group,9,,,,,,,,
1934.102,1,Condition Event,Next trial,,9,0,,,,,,,,,,
1934.102,3,Output On Event,TrayLight #1,,9,0,,,,,,,,,,
1934.102,16,Variable Event,First_Trial,,9,1,Value,0,,,,,,,,
1934.102,16,Variable Event,First_Analysis,,9,1,Value,1,,,,,,,,
1934.102,16,Variable Event,ITI,,9,1,Value,20,,,,,,,,
1934.102,21,Group Change Event,Group Change,,9,1,New Group,15,,,,,,,,
1934.102,1,Condition Event,Start Correction Trial,,15,0,,,,,,,,,,
1934.102,16,Variable Event,Correction_Trial,,15,1,Value,1,,,,,,,,
1934.102,21,Group Change Event,Group Change,,15,1,New Group,16,,,,,,,,
1934.621,31,Touch Up Event,Bussey Mouse Operant Mode 3 x 1 x low,,16,4,Position,3,Image 1,0,CoordX,61,CoordY,212,,
1934.827,38,Input Transition On Event,FIRBeam #1,,16,0,,,,,,,,,,
1935.24,39,Input Transition Off Event,FIRBeam #1,,16,0,,,,,,,,,,
1935.794,38,Input Transition On Event,FIRBeam #1,,16,0,,,,,,,,,,
1936.383,39,Input Transition Off Event,FIRBeam #1,,16,0,,,,,,,,,,
1936.517,30,Touch Down Event,Bussey Mouse Operant Mode 3 x 1 x low,,16,4,Position,2,Image 1,0,CoordX,194,CoordY,212,,
1937.848,31,Touch Up Event,Bussey Mouse Operant Mode 3 x 1 x low,,16,4,Position,2,Image 1,0,CoordX,152,CoordY,118,,
1938.288,30,Touch Down Event,Bussey Mouse Operant Mode 3 x 1 x low,,16,4,Position,3,Image 1,0,CoordX,114,CoordY,183,,
1939.296,31,Touch Up Event,Bussey Mouse Operant Mode 3 x 1 x low,,16,4,Position,3,Image 1,0,CoordX,16,CoordY,212,,
1939.364,38,Input Transition On Event,FIRBeam #1,,16,0,,,,,,,,,,
1939.522,39,Input Transition Off Event,FIRBeam #1,,16,0,,,,,,,,,,
1939.66,38,Input Transition On Event,FIRBeam #1,,16,0,,,,,,,,,,
1940.581,39,Input Transition Off Event,FIRBeam #1,,16,0,,,,,,,,,,
1941.07,30,Touch Down Event,Bussey Mouse Operant Mode 3 x 1 x low,,16,4,Position,3,Image 1,0,CoordX,96,CoordY,154,,
1943.968,31,Touch Up Event,Bussey Mouse Operant Mode 3 x 1 x low,,16,4,Position,2,Image 1,0,CoordX,104,CoordY,154,,
1944.719,38,Input Transition On Event,FIRBeam #1,,16,0,,,,,,,,,,
1946.395,39,Input Transition Off Event,FIRBeam #1,,16,0,,,,,,,,,,
1946.722,30,Touch Down Event,Bussey Mouse Operant Mode 3 x 1 x low,,16,4,Position,2,Image 1,0,CoordX,49,CoordY,32,,
1947.031,31,Touch Up Event,Bussey Mouse Operant Mode 3 x 1 x low,,16,4,Position,2,Image 1,0,CoordX,49,CoordY,80,,
1947.751,30,Touch Down Event,Bussey Mouse Operant Mode 3 x 1 x low,,16,4,Position,1,Image 1,0,CoordX,155,CoordY,80,,
1948.258,31,Touch Up Event,Bussey Mouse Operant Mode 3 x 1 x low,,16,4,Position,1,Image 1,0,CoordX,155,CoordY,80,,
1949.253,30,Touch Down Event,Bussey Mouse Operant Mode 3 x 1 x low,,16,4,Position,2,Image 1,0,CoordX,63,CoordY,193,,
1949.312,31,Touch Up Event,Bussey Mouse Operant Mode 3 x 1 x low,,16,4,Position,2,Image 1,0,CoordX,63,CoordY,193,,
1949.331,30,Touch Down Event,Bussey Mouse Operant Mode 3 x 1 x low,,16,4,Position,2,Image 1,0,CoordX,63,CoordY,41,,
1949.391,31,Touch Up Event,Bussey Mouse Operant Mode 3 x 1 x low,,16,4,Position,2,Image 1,0,CoordX,63,CoordY,41,,
1949.43,30,Touch Down Event,Bussey Mouse Operant Mode 3 x 1 x low,,16,4,Position,2,Image 1,0,CoordX,152,CoordY,60,,
1949.726,31,Touch Up Event,Bussey Mouse Operant Mode 3 x 1 x low,,16,4,Position,2,Image 1,0,CoordX,111,CoordY,159,,
1950.526,30,Touch Down Event,Bussey Mouse Operant Mode 3 x 1 x low,,16,4,Position,2,Image 1,0,CoordX,184,CoordY,35,,
1952.142,31,Touch Up Event,Bussey Mouse Operant Mode 3 x 1 x low,,16,4,Position,2,Image 1,0,CoordX,184,CoordY,80,,
1954.278,30,Touch Down Event,Bussey Mouse Operant Mode 3 x 1 x low,,16,4,Position,3,Image 1,0,CoordX,146,CoordY,109,,
1954.49,31,Touch Up Event,Bussey Mouse Operant Mode 3 x 1 x low,,16,4,Position,3,Image 1,0,CoordX,146,CoordY,105,,
1955.389,38,Input Transition On Event,FIRBeam #1,,16,0,,,,,,,,,,
1955.699,39,Input Transition Off Event,FIRBeam #1,,16,0,,,,,,,,,,
1955.804,38,Input Transition On Event,BIRBeam #1,,16,0,,,,,,,,,,
1956.29,38,Input Transition On Event,Tray #1,,16,0,,,,,,,,,,
1956.291,1,Condition Event,Tray Entry Noted,,16,0,,,,,,,,,,
1956.291,4,Output Off Event,TrayLight #1,,16,0,,,,,,,,,,
1956.291,4,Output Off Event,Sound #1,,16,0,,,,,,,,,,
1956.291,4,Output Off Event,Sound #2,,16,0,,,,,,,,,,
1956.291,4,Output Off Event,Sound #3,,16,0,,,,,,,,,,
1956.291,7,Pulse Output Event,Sound_On #1,,16,1,Duration,0,,,,,,,,
1956.291,21,Group Change Event,Group Change,,16,1,New Group,17,,,,,,,,
1956.402,39,Input Transition Off Event,Tray #1,,17,0,,,,,,,,,,
1956.403,1,Condition Event,Tray Exit Starts Correction Trial,,17,0,,,,,,,,,,
1956.403,16,Variable Event,Total_No_Correction_Trials,,17,1,Value,35,,,,,,,,
1956.403,21,Group Change Event,Group Change,,17,1,New Group,6,,,,,,,,
1956.403,1,Condition Event,Display Images,,6,0,,,,,,,,,,
1956.403,32,Whisker - Display Image,Bussey Mouse Operant Mode 3 x 1 x low,Images,6,2,Position,1,Image 1,0,,,,,,
1956.403,32,Whisker - Display Image,Bussey Mouse Operant Mode 3 x 1 x low,Images,6,2,Position,3,Image 2,1,,,,,,
1956.403,21,Group Change Event,Group Change,,6,1,New Group,7,,,,,,,,
1956.723,39,Input Transition Off Event,BIRBeam #1,,7,0,,,,,,,,,,
1957.063,38,Input Transition On Event,FIRBeam #1,,7,0,,,,,,,,,,
1958.404,30,Touch Down Event,Bussey Mouse Operant Mode 3 x 1 x low,,7,4,Position,1,Image 1,0,CoordX,205,CoordY,212,,
1958.404,1,Condition Event,Correct,,7,0,,,,,,,,,,
1958.404,32,Whisker - Display Image,Bussey Mouse Operant Mode 3 x 1 x low,Background,7,2,Position,1,Image 1,0,,,,,,
1958.404,32,Whisker - Display Image,Bussey Mouse Operant Mode 3 x 1 x low,Background,7,2,Position,3,Image 1,0,,,,,,
1958.404,7,Pulse Output Event,Feeder #1,,7,1,Duration,0.28,,,,,,,,
1958.404,3,Output On Event,TrayLight #1,,7,0,,,,,,,,,,
1958.404,16,Variable Event,Correction_Counter,,7,1,Value,0,,,,,,,,
1958.404,21,Group Change Event,Group Change,,7,1,New Group,19,,,,,,,,
1958.404,1,Condition Event,Reset Sound Levels to Zero,,19,0,,,,,,,,,,
1958.404,4,Output Off Event,Sound #1,,19,0,,,,,,,,,,
1958.404,4,Output Off Event,Sound #2,,19,0,,,,,,,,,,
1958.404,4,Output Off Event,Sound #3,,19,0,,,,,,,,,,
1958.404,21,Group Change Event,Group Change,,19,1,New Group,20,,,,,,,,
1958.404,1,Condition Event,Adjust Sound Level 2,,20,0,,,,,,,,,,
1958.404,3,Output On Event,Sound #2,,20,0,,,,,,,,,,
1958.404,1,Condition Event,NoTone Fall Through,,20,0,,,,,,,,,,
1958.404,21,Group Change Event,Group Change,,20,1,New Group,21,,,,,,,,
1958.404,1,Condition Event,Play Tone,,21,0,,,,,,,,,,
1958.404,7,Pulse Output Event,Sound_On #1,,21,1,Duration,1,,,,,,,,
1958.404,21,Group Change Event,Group Change,,21,1,New Group,8,,,,,,,,
1958.404,1,Condition Event,Reset Correction Flag,,8,0,,,,,,,,,,
1958.404,16,Variable Event,Sequential_Correction_Trials,,8,1,Value,0,,,,,,,,
1958.404,16,Variable Event,Correction_Trial_Correct_Counter,,8,1,Value,6,,,,,,,,
1958.404,16,Variable Event,First_Analysis,,8,1,Value,0,,,,,,,,
1958.404,61,Group Maintain Event,Group Change,,8,1,New Group,8,,,,,,,,
1958.464,31,Touch Up Event,Bussey Mouse Operant Mode 3 x 1 x low,,8,4,Position,1,Image 1,0,CoordX,205,CoordY,212,,
1958.483,30,Touch Down Event,Bussey Mouse Operant Mode 3 x 1 x low,,8,4,Position,1,Image 1,0,CoordX,187,CoordY,193,,
1958.541,31,Touch Up Event,Bussey Mouse Operant Mode 3 x 1 x low,,8,4,Position,1,Image 1,0,CoordX,187,CoordY,193,,
1958.903,39,Input Transition Off Event,FIRBeam #1,,8,0,,,,,,,,,,
1959.055,38,Input Transition On Event,FIRBeam #1,,8,0,,,,,,,,,,
1959.374,39,Input Transition Off Event,FIRBeam #1,,8,0,,,,,,,,,,
1959.557,38,Input Transition On Event,BIRBeam #1,,8,0,,,,,,,,,,
1959.827,38,Input Transition On Event,Tray #1,,8,0,,,,,,,,,,
1959.827,1,Condition Event,Reward Collected Start ITI,,8,0,,,,,,,,,,
1959.827,4,Output Off Event,TrayLight #1,,8,0,,,,,,,,,,
1959.827,29,Timer Event,ITI_Timer,,8,1,Value,0,,,,,,,,
1959.827,21,Group Change Event,Group Change,,8,1,New Group,9,,,,,,,,
1963.347,39,Input Transition Off Event,Tray #1,,9,0,,,,,,,,,,
1963.991,39,Input Transition Off Event,BIRBeam #1,,9,0,,,,,,,,,,
1966.706,38,Input Transition On Event,FIRBeam #1,,9,0,,,,,,,,,,
1970.38,39,Input Transition Off Event,FIRBeam #1,,9,0,,,,,,,,,,
1971.455,30,Touch Down Event,Bussey Mouse Operant Mode 3 x 1 x low,,9,4,Position,2,Image 1,0,CoordX,170,CoordY,80,,
1971.456,1,Condition Event,Centre Screen Touches,,9,0,,,,,,,,,,
1971.456,16,Variable Event,Centre_Touches_during_ITI,,9,1,Value,36,,,,,,,,
1971.456,61,Group Maintain Event,Group Change,,9,1,New Group,9,,,,,,,,
1971.824,31,Touch Up Event,Bussey Mouse Operant Mode 3 x 1 x low,,9,4,Position,2,Image 1,0,CoordX,172,CoordY,135,,
1971.992,38,Input Transition On Event,FIRBeam #1,,9,0,,,,,,,,,,
1972.123,30,Touch Down Event,Bussey Mouse Operant Mode 3 x 1 x low,,9,4,Position,0,(NoImageOrVideo),-1,CoordX,482,CoordY,555,,
1972.13,39,Input Transition Off Event,FIRBeam #1,,9,0,,,,,,,,,,
1974.151,31,Touch Up Event,Bussey Mouse Operant Mode 3 x 1 x low,,9,4,Position,2,Image 1,0,CoordX,31,CoordY,174,,
1974.691,30,Touch Down Event,Bussey Mouse Operant Mode 3 x 1 x low,,9,4,Position,1,Image 1,0,CoordX,53,CoordY,120,,
1974.692,1,Condition Event,Left Screen Touches,,9,0,,,,,,,,,,
1974.692,16,Variable Event,Left_Touches_during_ITI,,9,1,Value,72,,,,,,,,
1974.692,61,Group Maintain Event,Group Change,,9,1,New Group,9,,,,,,,,
1976.084,31,Touch Up Event,Bussey Mouse Operant Mode 3 x 1 x low,,9,4,Position,1,Image 1,0,CoordX,85,CoordY,193,,
1978.523,38,Input Transition On Event,FIRBeam #1,,9,0,,,,,,,,,,
1979.553,39,Input Transition Off Event,FIRBeam #1,,9,0,,,,,,,,,,
1979.827,1,Condition Event,Next trial,,9,0,,,,,,,,,,
1979.827,3,Output On Event,TrayLight #1,,9,0,,,,,,,,,,
1979.827,16,Variable Event,First_Trial,,9,1,Value,0,,,,,,,,
1979.827,16,Variable Event,First_Analysis,,9,1,Value,1,,,,,,,,
1979.827,16,Variable Event,ITI,,9,1,Value,20,,,,,,,,
1979.827,21,Group Change Event,Group Change,,9,1,New Group,15,,,,,,,,
1979.827,1,Condition Event,Next trial non corrected Trial,,15,0,,,,,,,,,,
1979.827,19,List Change - Next Value,Trial_Type,,15,2,Index,9,Value,2,,,,,,
1979.827,21,Group Change Event,Group Change,,15,1,New Group,3,,,,,,,,
1980.041,38,Input Transition On Event,FIRBeam #1,,3,0,,,,,,,,,,
1980.471,39,Input Transition Off Event,FIRBeam #1,,3,0,,,,,,,,,,
1980.778,38,Input Transition On Event,FIRBeam #1,,3,0,,,,,,,,,,
1981.411,39,Input Transition Off Event,FIRBeam #1,,3,0,,,,,,,,,,
1985.345,38,Input Transition On Event,FIRBeam #1,,3,0,,,,,,,,,,
1986.307,39,Input Transition Off Event,FIRBeam #1,,3,0,,,,,,,,,,
1986.57,38,Input Transition On Event,BIRBeam #1,,3,0,,,,,,,,,,
1986.952,38,Input Transition On Event,Tray #1,,3,0,,,,,,,,,,
1986.952,1,Condition Event,Tray Entry no Increment Trial,,3,0,,,,,,,,,,
1986.952,4,Output Off Event,TrayLight #1,,3,0,,,,,,,,,,
1986.952,4,Output Off Event,Sound #1,,3,0,,,,,,,,,,
1986.952,4,Output Off Event,Sound #2,,3,0,,,,,,,,,,
1986.952,4,Output Off Event,Sound #3,,3,0,,,,,,,,,,
1986.952,7,Pulse Output Event,Sound_On #1,,3,1,Duration,0,,,,,,,,
1986.952,16,Variable Event,Correction_Trial,,3,1,Value,0,,,,,,,,
1986.952,21,Group Change Event,Group Change,,3,1,New Group,4,,,,,,,,
1987.7,39,Input Transition Off Event,Tray #1,,4,0,,,,,,,,,,
1987.7,1,Condition Event,Start Trial,,4,0,,,,,,,,,,
1987.7,16,Variable Event,Trial,,4,1,Value,2,,,,,,,,
1987.7,21,Group Change Event,Group Change,,4,1,New Group,5,,,,,,,,
1987.7,1,Condition Event,Set for Trial 2,,5,0,,,,,,,,,,
1987.7,16,Variable Event,Correct_Grid_Position,,5,1,Value,1,,,,,,,,
1987.7,16,Variable Event,Correct_Image,,5,1,Value,1,,,,,,,,
1987.7,16,Variable Event,Incorrect_Grid_Position,,5,1,Value,3,,,,,,,,
1987.7,16,Variable Event,Incorrect_Image,,5,1,Value,2,,,,,,,,
1987.7,21,Group Change Event,Group Change,,5,1,New Group,6,,,,,,,,
1987.7,1,Condition Event,Display Images,,6,0,,,,,,,,,,
1987.7,32,Whisker - Display Image,Bussey Mouse Operant Mode 3 x 1 x low,Images,6,2,Position,1,Image 1,0,,,,,,
1987.7,32,Whisker - Display Image,Bussey Mouse Operant Mode 3 x 1 x low,Images,6,2,Position,3,Image 2,1,,,,,,
1987.7,21,Group Change Event,Group Change,,6,1,New Group,7,,,,,,,,
1988.45,39,Input Transition Off Event,BIRBeam #1,,7,0,,,,,,,,,,
1988.657,38,Input Transition On Event,FIRBeam #1,,7,0,,,,,,,,,,
1989.415,39,Input Transition Off Event,FIRBeam #1,,7,0,,,,,,,,,,
1989.432,30,Touch Down Event,Bussey Mouse Operant Mode 3 x 1 x low,,7,4,Position,1,Image 1,0,CoordX,173,CoordY,199,,
1989.432,1,Condition Event,Correct,,7,0,,,,,,,,,,
1989.432,32,Whisker - Display Image,Bussey Mouse Operant Mode 3 x 1 x low,Background,7,2,Position,1,Image 1,0,,,,,,
1989.432,32,Whisker - Display Image,Bussey Mouse Operant Mode 3 x 1 x low,Background,7,2,Position,3,Image 1,0,,,,,,
1989.432,7,Pulse Output Event,Feeder #1,,7,1,Duration,0.28,,,,,,,,
1989.432,3,Output On Event,TrayLight #1,,7,0,,,,,,,,,,
1989.432,16,Variable Event,Correction_Counter,,7,1,Value,0,,,,,,,,
1989.432,21,Group Change Event,Group Change,,7,1,New Group,19,,,,,,,,
1989.432,1,Condition Event,Reset Sound Levels to Zero,,19,0,,,,,,,,,,
1989.432,4,Output Off Event,Sound #1,,19,0,,,,,,,,,,
1989.432,4,Output Off Event,Sound #2,,19,0,,,,,,,,,,
1989.432,4,Output Off Event,Sound #3,,19,0,,,,,,,,,,
1989.432,21,Group Change Event,Group Change,,19,1,New Group,20,,,,,,,,
1989.433,1,Condition Event,Adjust Sound Level 2,,20,0,,,,,,,,,,
1989.433,3,Output On Event,Sound #2,,20,0,,,,,,,,,,
1989.433,1,Condition Event,NoTone Fall Through,,20,0,,,,,,,,,,
1989.433,21,Group Change Event,Group Change,,20,1,New Group,21,,,,,,,,
1989.433,1,Condition Event,Play Tone,,21,0,,,,,,,,,,
1989.433,7,Pulse Output Event,Sound_On #1,,21,1,Duration,1,,,,,,,,
1989.433,21,Group Change Event,Group Change,,21,1,New Group,8,,,,,,,,
1989.433,1,Condition Event,Increment counter,,8,0,,,,,,,,,,
1989.433,16,Variable Event,Correct_Counter,,8,1,Value,10,,,,,,,,
1989.433,16,Variable Event,First_Analysis,,8,1,Value,0,,,,,,,,
1989.433,61,Group Maintain Event,Group Change,,8,1,New Group,8,,,,,,,,
1989.49,31,Touch Up Event,Bussey Mouse Operant Mode 3 x 1 x low,,8,4,Position,1,Image 1,0,CoordX,155,CoordY,193,,
1989.785,38,Input Transition On Event,FIRBeam #1,,8,0,,,,,,,,,,
1990.072,39,Input Transition Off Event,FIRBeam #1,,8,0,,,,,,,,,,
1990.275,38,Input Transition On Event,BIRBeam #1,,8,0,,,,,,,,,,
1990.555,38,Input Transition On Event,Tray #1,,8,0,,,,,,,,,,
1990.555,1,Condition Event,Reward Collected Start ITI,,8,0,,,,,,,,,,
1990.555,4,Output Off Event,TrayLight #1,,8,0,,,,,,,,,,
1990.555,29,Timer Event,ITI_Timer,,8,1,Value,0,,,,,,,,
1990.555,21,Group Change Event,Group Change,,8,1,New Group,9,,,,,,,,
1993.567,39,Input Transition Off Event,Tray #1,,9,0,,,,,,,,,,
1994.361,39,Input Transition Off Event,BIRBeam #1,,9,0,,,,,,,,,,
1995.825,38,Input Transition On Event,FIRBeam #1,,9,0,,,,,,,,,,
1999.298,39,Input Transition Off Event,FIRBeam #1,,9,0,,,,,,,,,,
2006.067,30,Touch Down Event,Bussey Mouse Operant Mode 3 x 1 x low,,9,4,Position,1,Image 1,0,CoordX,187,CoordY,212,,
2006.067,1,Condition Event,Left Screen Touches,,9,0,,,,,,,,,,
2006.067,16,Variable Event,Left_Touches_during_ITI,,9,1,Value,73,,,,,,,,
2006.067,61,Group Maintain Event,Group Change,,9,1,New Group,9,,,,,,,,
2006.204,31,Touch Up Event,Bussey Mouse Operant Mode 3 x 1 x low,,9,4,Position,1,Image 1,0,CoordX,173,CoordY,212,,
2009.682,30,Touch Down Event,Bussey Mouse Operant Mode 3 x 1 x low,,9,4,Position,1,Image 1,0,CoordX,53,CoordY,118,,
2009.682,1,Condition Event,Left Screen Touches,,9,0,,,,,,,,,,
2009.682,16,Variable Event,Left_Touches_during_ITI,,9,1,Value,74,,,,,,,,
2009.682,61,Group Maintain Event,Group Change,,9,1,New Group,9,,,,,,,,
2009.799,31,Touch Up Event,Bussey Mouse Operant Mode 3 x 1 x low,,9,4,Position,1,Image 1,0,CoordX,53,CoordY,118,,
2010.555,1,Condition Event,Next trial,,9,0,,,,,,,,,,
2010.555,3,Output On Event,TrayLight #1,,9,0,,,,,,,,,,
2010.555,16,Variable Event,First_Trial,,9,1,Value,0,,,,,,,,
2010.555,16,Variable Event,First_Analysis,,9,1,Value,1,,,,,,,,
2010.555,16,Variable Event,ITI,,9,1,Value,20,,,,,,,,
2010.555,21,Group Change Event,Group Change,,9,1,New Group,15,,,,,,,,
2010.555,1,Condition Event,Next trial non corrected Trial,,15,0,,,,,,,,,,
2010.555,19,List Change - Next Value,Trial_Type,,15,2,Index,4,Value,1,,,,,,
2010.555,21,Group Change Event,Group Change,,15,1,New Group,3,,,,,,,,
2012.067,38,Input Transition On Event,FIRBeam #1,,3,0,,,,,,,,,,
2012.262,39,Input Transition Off Event,FIRBeam #1,,3,0,,,,,,,,,,
2013.023,38,Input Transition On Event,FIRBeam #1,,3,0,,,,,,,,,,
2013.218,39,Input Transition Off Event,FIRBeam #1,,3,0,,,,,,,,,,
2013.734,38,Input Transition On Event,FIRBeam #1,,3,0,,,,,,,,,,
2014.721,39,Input Transition Off Event,FIRBeam #1,,3,0,,,,,,,,,,
2019.086,30,Touch Down Event,Bussey Mouse Operant Mode 3 x 1 x low,,3,4,Position,1,Image 1,0,CoordX,187,CoordY,193,,
2020.073,31,Touch Up Event,Bussey Mouse Operant Mode 3 x 1 x low,,3,4,Position,0,(NoImageOrVideo),-1,CoordX,96,CoordY,555,,
2021.012,38,Input Transition On Event,FIRBeam #1,,3,0,,,,,,,,,,
2024.022,39,Input Transition Off Event,FIRBeam #1,,3,0,,,,,,,,,,
2025.198,38,Input Transition On Event,FIRBeam #1,,3,0,,,,,,,,,,
2025.815,39,Input Transition Off Event,FIRBeam #1,,3,0,,,,,,,,,,
2028.257,30,Touch Down Event,Bussey Mouse Operant Mode 3 x 1 x low,,3,4,Position,2,Image 1,0,CoordX,152,CoordY,212,,
2029.492,31,Touch Up Event,Bussey Mouse Operant Mode 3 x 1 x low,,3,4,Position,2,Image 1,0,CoordX,166,CoordY,174,,
2029.776,38,Input Transition On Event,FIRBeam #1,,3,0,,,,,,,,,,
2032.121,39,Input Transition Off Event,FIRBeam #1,,3,0,,,,,,,,,,
2032.28,38,Input Transition On Event,BIRBeam #1,,3,0,,,,,,,,,,
2033.212,38,Input Transition On Event,Tray #1,,3,0,,,,,,,,,,
2033.212,1,Condition Event,Tray Entry and Trial Increment,,3,0,,,,,,,,,,
2033.212,4,Output Off Event,TrayLight #1,,3,0,,,,,,,,,,
2033.212,4,Output Off Event,Sound #1,,3,0,,,,,,,,,,
2033.212,4,Output Off Event,Sound #2,,3,0,,,,,,,,,,
2033.212,4,Output Off Event,Sound #3,,3,0,,,,,,,,,,
2033.212,7,Pulse Output Event,Sound_On #1,,3,1,Duration,0,,,,,,,,
2033.212,16,Variable Event,_Trial_Counter,,3,1,Value,16,,,,,,,,
2033.212,16,Variable Event,Correct_Percent,,3,1,Value,10,,,,,,,,
2033.212,16,Variable Event,Correct_Percent,,3,1,Value,0.625,,,,,,,,
2033.212,16,Variable Event,Correct_Percent,,3,1,Value,62.5,,,,,,,,
2033.212,21,Group Change Event,Group Change,,3,1,New Group,4,,,,,,,,
2033.963,39,Input Transition Off Event,Tray #1,,4,0,,,,,,,,,,
2033.963,1,Condition Event,Start Trial,,4,0,,,,,,,,,,
2033.963,16,Variable Event,Trial,,4,1,Value,1,,,,,,,,
2033.963,21,Group Change Event,Group Change,,4,1,New Group,5,,,,,,,,
2033.963,1,Condition Event,Set for Trial 1,,5,0,,,,,,,,,,
2033.963,16,Variable Event,Correct_Grid_Position,,5,1,Value,1,,,,,,,,
2033.963,16,Variable Event,Correct_Image,,5,1,Value,1,,,,,,,,
2033.963,16,Variable Event,Incorrect_Grid_Position,,5,1,Value,2,,,,,,,,
2033.963,16,Variable Event,Incorrect_Image,,5,1,Value,3,,,,,,,,
2033.963,21,Group Change Event,Group Change,,5,1,New Group,6,,,,,,,,
2033.963,1,Condition Event,Display Images,,6,0,,,,,,,,,,
2033.963,32,Whisker - Display Image,Bussey Mouse Operant Mode 3 x 1 x low,Images,6,2,Position,1,Image 1,0,,,,,,
2033.963,32,Whisker - Display Image,Bussey Mouse Operant Mode 3 x 1 x low,Images,6,2,Position,2,Image 3,2,,,,,,
2033.963,21,Group Change Event,Group Change,,6,1,New Group,7,,,,,,,,
2034.507,39,Input Transition Off Event,BIRBeam #1,,7,0,,,,,,,,,,
2036.428,38,Input Transition On Event,FIRBeam #1,,7,0,,,,,,,,,,
2037.234,39,Input Transition Off Event,FIRBeam #1,,7,0,,,,,,,,,,
2038.21,38,Input Transition On Event,FIRBeam #1,,7,0,,,,,,,,,,
2040.417,39,Input Transition Off Event,FIRBeam #1,,7,0,,,,,,,,,,
2040.506,38,Input Transition On Event,FIRBeam #1,,7,0,,,,,,,,,,
2040.563,39,Input Transition Off Event,FIRBeam #1,,7,0,,,,,,,,,,
2041.077,38,Input Transition On Event,FIRBeam #1,,7,0,,,,,,,,,,
2041.981,39,Input Transition Off Event,FIRBeam #1,,7,0,,,,,,,,,,
2046.018,30,Touch Down Event,Bussey Mouse Operant Mode 3 x 1 x low,,7,4,Position,2,Image 3,2,CoordX,99,CoordY,212,,
2046.019,1,Condition Event,Incorrect,,7,0,,,,,,,,,,
2046.019,32,Whisker - Display Image,Bussey Mouse Operant Mode 3 x 1 x low,Background,7,2,Position,1,Image 1,0,,,,,,
2046.019,32,Whisker - Display Image,Bussey Mouse Operant Mode 3 x 1 x low,Background,7,2,Position,2,Image 1,0,,,,,,
2046.019,3,Output On Event,Sound #1,,7,0,,,,,,,,,,
2046.019,3,Output On Event,Sound #2,,7,0,,,,,,,,,,
2046.019,3,Output On Event,Sound #3,,7,0,,,,,,,,,,
2046.019,7,Pulse Output Event,Sound_On #1,,7,1,Duration,0,,,,,,,,
2046.019,29,Timer Event,Time_Out_Timer,,7,1,Value,0,,,,,,,,
2046.019,21,Group Change Event,Group Change,,7,1,New Group,10,,,,,,,,
2046.019,1,Condition Event,TO Houselight On,,10,0,,,,,,,,,,
2046.019,3,Output On Event,HouseLight #1,,10,0,,,,,,,,,,
2046.019,21,Group Change Event,Group Change,,10,1,New Group,11,,,,,,,,
2046.019,1,Condition Event,Not correcting,,11,0,,,,,,,,,,
2046.019,16,Variable Event,Increment_this_trial,,11,1,Value,1,,,,,,,,
2046.019,21,Group Change Event,Group Change,,11,1,New Group,12,,,,,,,,
2046.019,1,Condition Event,Incorrect Trails to Correction Trial,,12,0,,,,,,,,,,
2046.019,16,Variable Event,Correction_Counter,,12,1,Value,1,,,,,,,,
2046.019,21,Group Change Event,Group Change,,12,1,New Group,18,,,,,,,,
2046.019,1,Condition Event,Change ITI time,,18,0,,,,,,,,,,
2046.019,16,Variable Event,ITI,,18,1,Value,20,,,,,,,,
2046.019,21,Group Change Event,Group Change,,18,1,New Group,13,,,,,,,,
2046.371,31,Touch Up Event,Bussey Mouse Operant Mode 3 x 1 x low,,13,4,Position,2,Image 1,0,CoordX,99,CoordY,154,,
2047.708,30,Touch Down Event,Bussey Mouse Operant Mode 3 x 1 x low,,13,4,Position,2,Image 1,0,CoordX,134,CoordY,199,,
2049.068,31,Touch Up Event,Bussey Mouse Operant Mode 3 x 1 x low,,13,4,Position,2,Image 1,0,CoordX,106,CoordY,193,,
2049.127,30,Touch Down Event,Bussey Mouse Operant Mode 3 x 1 x low,,13,4,Position,2,Image 1,0,CoordX,49,CoordY,193,,
2049.845,31,Touch Up Event,Bussey Mouse Operant Mode 3 x 1 x low,,13,4,Position,2,Image 1,0,CoordX,14,CoordY,212,,
2049.858,38,Input Transition On Event,FIRBeam #1,,13,0,,,,,,,,,,
2050.28,39,Input Transition Off Event,FIRBeam #1,,13,0,,,,,,,,,,
2051.019,1,Condition Event,Time Out End,,13,0,,,,,,,,,,
2051.019,29,Timer Event,ITI_Timer,,13,1,Value,0,,,,,,,,
2051.019,21,Group Change Event,Group Change,,13,1,New Group,14,,,,,,,,
2051.019,1,Condition Event,Reset Houselight off,,14,0,,,,,,,,,,
2051.019,4,Output Off Event,HouseLight #1,,14,0,,,,,,,,,,
2051.019,21,Group Change Event,Group Change,,14,1,New Group,9,,,,,,,,
2051.109,38,Input Transition On Event,FIRBeam #1,,9,0,,,,,,,,,,
2051.963,39,Input Transition Off Event,FIRBeam #1,,9,0,,,,,,,,,,
2054.915,38,Input Transition On Event,FIRBeam #1,,9,0,,,,,,,,,,
2055.073,39,Input Transition Off Event,FIRBeam #1,,9,0,,,,,,,,,,
2055.903,38,Input Transition On Event,FIRBeam #1,,9,0,,,,,,,,,,
2058.023,39,Input Transition Off Event,FIRBeam #1,,9,0,,,,,,,,,,
2059.936,30,Touch Down Event,Bussey Mouse Operant Mode 3 x 1 x low,,9,4,Position,0,(NoImageOrVideo),-1,CoordX,439,CoordY,555,,
2060.052,31,Touch Up Event,Bussey Mouse Operant Mode 3 x 1 x low,,9,4,Position,0,(NoImageOrVideo),-1,CoordX,439,CoordY,555,,
2060.091,30,Touch Down Event,Bussey Mouse Operant Mode 3 x 1 x low,,9,4,Position,2,Image 1,0,CoordX,134,CoordY,184,,
2060.091,1,Condition Event,Centre Screen Touches,,9,0,,,,,,,,,,
2060.091,16,Variable Event,Centre_Touches_during_ITI,,9,1,Value,37,,,,,,,,
2060.091,61,Group Maintain Event,Group Change,,9,1,New Group,9,,,,,,,,
2061.678,31,Touch Up Event,Bussey Mouse Operant Mode 3 x 1 x low,,9,4,Position,0,(NoImageOrVideo),-1,CoordX,283,CoordY,536,,
2062.193,38,Input Transition On Event,FIRBeam #1,,9,0,,,,,,,,,,
2063.45,39,Input Transition Off Event,FIRBeam #1,,9,0,,,,,,,,,,
2064.563,38,Input Transition On Event,FIRBeam #1,,9,0,,,,,,,,,,
2067.422,39,Input Transition Off Event,FIRBeam #1,,9,0,,,,,,,,,,
2067.714,38,Input Transition On Event,FIRBeam #1,,9,0,,,,,,,,,,
2069.299,39,Input Transition Off Event,FIRBeam #1,,9,0,,,,,,,,,,
2070.814,38,Input Transition On Event,FIRBeam #1,,9,0,,,,,,,,,,
2071.019,1,Condition Event,Next trial,,9,0,,,,,,,,,,
2071.019,3,Output On Event,TrayLight #1,,9,0,,,,,,,,,,
2071.019,16,Variable Event,First_Trial,,9,1,Value,0,,,,,,,,
2071.019,16,Variable Event,First_Analysis,,9,1,Value,1,,,,,,,,
2071.019,16,Variable Event,ITI,,9,1,Value,20,,,,,,,,
2071.019,21,Group Change Event,Group Change,,9,1,New Group,15,,,,,,,,
2071.019,1,Condition Event,Start Correction Trial,,15,0,,,,,,,,,,
2071.019,16,Variable Event,Correction_Trial,,15,1,Value,1,,,,,,,,
2071.019,21,Group Change Event,Group Change,,15,1,New Group,16,,,,,,,,
2071.262,39,Input Transition Off Event,FIRBeam #1,,16,0,,,,,,,,,,
2071.296,30,Touch Down Event,Bussey Mouse Operant Mode 3 x 1 x low,,16,4,Position,2,Image 1,0,CoordX,196,CoordY,212,,
2071.55,31,Touch Up Event,Bussey Mouse Operant Mode 3 x 1 x low,,16,4,Position,2,Image 1,0,CoordX,184,CoordY,193,,
2071.626,38,Input Transition On Event,FIRBeam #1,,16,0,,,,,,,,,,
2072.008,39,Input Transition Off Event,FIRBeam #1,,16,0,,,,,,,,,,
2079.464,38,Input Transition On Event,FIRBeam #1,,16,0,,,,,,,,,,
2084.512,39,Input Transition Off Event,FIRBeam #1,,16,0,,,,,,,,,,
2097.108,30,Touch Down Event,Bussey Mouse Operant Mode 3 x 1 x low,,16,4,Position,1,Image 1,0,CoordX,187,CoordY,203,,
2097.225,31,Touch Up Event,Bussey Mouse Operant Mode 3 x 1 x low,,16,4,Position,1,Image 1,0,CoordX,167,CoordY,212,,
2097.288,38,Input Transition On Event,FIRBeam #1,,16,0,,,,,,,,,,
2097.603,39,Input Transition Off Event,FIRBeam #1,,16,0,,,,,,,,,,
2097.887,38,Input Transition On Event,BIRBeam #1,,16,0,,,,,,,,,,
2098.347,39,Input Transition Off Event,BIRBeam #1,,16,0,,,,,,,,,,
2098.829,38,Input Transition On Event,FIRBeam #1,,16,0,,,,,,,,,,
2099.688,39,Input Transition Off Event,FIRBeam #1,,16,0,,,,,,,,,,
2104.049,38,Input Transition On Event,FIRBeam #1,,16,0,,,,,,,,,,
2105.484,39,Input Transition Off Event,FIRBeam #1,,16,0,,,,,,,,,,
2105.932,38,Input Transition On Event,FIRBeam #1,,16,0,,,,,,,,,,
2106.247,39,Input Transition Off Event,FIRBeam #1,,16,0,,,,,,,,,,
2107.702,38,Input Transition On Event,FIRBeam #1,,16,0,,,,,,,,,,
2107.961,39,Input Transition Off Event,FIRBeam #1,,16,0,,,,,,,,,,
2114.966,38,Input Transition On Event,FIRBeam #1,,16,0,,,,,,,,,,
2116.452,39,Input Transition Off Event,FIRBeam #1,,16,0,,,,,,,,,,
2116.59,38,Input Transition On Event,FIRBeam #1,,16,0,,,,,,,,,,
2117.52,39,Input Transition Off Event,FIRBeam #1,,16,0,,,,,,,,,,
2118.013,38,Input Transition On Event,FIRBeam #1,,16,0,,,,,,,,,,
2119.041,39,Input Transition Off Event,FIRBeam #1,,16,0,,,,,,,,,,
2119.236,38,Input Transition On Event,FIRBeam #1,,16,0,,,,,,,,,,
2120.456,39,Input Transition Off Event,FIRBeam #1,,16,0,,,,,,,,,,
2121.314,38,Input Transition On Event,FIRBeam #1,,16,0,,,,,,,,,,
2147.381,39,Input Transition Off Event,FIRBeam #1,,16,0,,,,,,,,,,
2149.786,38,Input Transition On Event,FIRBeam #1,,16,0,,,,,,,,,,
2164.498,39,Input Transition Off Event,FIRBeam #1,,16,0,,,,,,,,,,
2164.679,38,Input Transition On Event,FIRBeam #1,,16,0,,,,,,,,,,
2168.704,39,Input Transition Off Event,FIRBeam #1,,16,0,,,,,,,,,,
2168.887,38,Input Transition On Event,FIRBeam #1,,16,0,,,,,,,,,,
2169.857,39,Input Transition Off Event,FIRBeam #1,,16,0,,,,,,,,,,
2171.289,38,Input Transition On Event,FIRBeam #1,,16,0,,,,,,,,,,
2172.867,39,Input Transition Off Event,FIRBeam #1,,16,0,,,,,,,,,,
2180.09,30,Touch Down Event,Bussey Mouse Operant Mode 3 x 1 x low,,16,4,Position,2,Image 1,0,CoordX,116,CoordY,212,,
2180.84,31,Touch Up Event,Bussey Mouse Operant Mode 3 x 1 x low,,16,4,Position,2,Image 1,0,CoordX,73,CoordY,212,,
2182.223,38,Input Transition On Event,FIRBeam #1,,16,0,,,,,,,,,,
2183.422,39,Input Transition Off Event,FIRBeam #1,,16,0,,,,,,,,,,
2183.494,38,Input Transition On Event,FIRBeam #1,,16,0,,,,,,,,,,
2184.585,39,Input Transition Off Event,FIRBeam #1,,16,0,,,,,,,,,,
2186.24,38,Input Transition On Event,BIRBeam #1,,16,0,,,,,,,,,,
2186.395,39,Input Transition Off Event,BIRBeam #1,,16,0,,,,,,,,,,
2187.101,38,Input Transition On Event,FIRBeam #1,,16,0,,,,,,,,,,
2187.764,39,Input Transition Off Event,FIRBeam #1,,16,0,,,,,,,,,,
2193.763,38,Input Transition On Event,FIRBeam #1,,16,0,,,,,,,,,,
2193.869,39,Input Transition Off Event,FIRBeam #1,,16,0,,,,,,,,,,
2195.373,38,Input Transition On Event,FIRBeam #1,,16,0,,,,,,,,,,
2195.436,39,Input Transition Off Event,FIRBeam #1,,16,0,,,,,,,,,,
2195.545,38,Input Transition On Event,FIRBeam #1,,16,0,,,,,,,,,,
2197.299,39,Input Transition Off Event,FIRBeam #1,,16,0,,,,,,,,,,
2200.429,38,Input Transition On Event,FIRBeam #1,,16,0,,,,,,,,,,
2200.831,39,Input Transition Off Event,FIRBeam #1,,16,0,,,,,,,,,,
2202.409,38,Input Transition On Event,BIRBeam #1,,16,0,,,,,,,,,,
2202.549,39,Input Transition Off Event,BIRBeam #1,,16,0,,,,,,,,,,
2203.534,38,Input Transition On Event,FIRBeam #1,,16,0,,,,,,,,,,
2203.836,39,Input Transition Off Event,FIRBeam #1,,16,0,,,,,,,,,,
2204.43,38,Input Transition On Event,FIRBeam #1,,16,0,,,,,,,,,,
2206.749,39,Input Transition Off Event,FIRBeam #1,,16,0,,,,,,,,,,
2208.209,38,Input Transition On Event,FIRBeam #1,,16,0,,,,,,,,,,
2208.405,39,Input Transition Off Event,FIRBeam #1,,16,0,,,,,,,,,,
2212.17,30,Touch Down Event,Bussey Mouse Operant Mode 3 x 1 x low,,16,4,Position,1,Image 1,0,CoordX,53,CoordY,123,,
2212.489,31,Touch Up Event,Bussey Mouse Operant Mode 3 x 1 x low,,16,4,Position,1,Image 1,0,CoordX,53,CoordY,118,,
2213.034,38,Input Transition On Event,FIRBeam #1,,16,0,,,,,,,,,,
2213.283,39,Input Transition Off Event,FIRBeam #1,,16,0,,,,,,,,,,
2215.755,38,Input Transition On Event,FIRBeam #1,,16,0,,,,,,,,,,
2216.921,39,Input Transition Off Event,FIRBeam #1,,16,0,,,,,,,,,,
2218.025,38,Input Transition On Event,FIRBeam #1,,16,0,,,,,,,,,,
2219.719,39,Input Transition Off Event,FIRBeam #1,,16,0,,,,,,,,,,
2220.123,38,Input Transition On Event,BIRBeam #1,,16,0,,,,,,,,,,
2221.403,39,Input Transition Off Event,BIRBeam #1,,16,0,,,,,,,,,,
2222.307,38,Input Transition On Event,FIRBeam #1,,16,0,,,,,,,,,,
2222.758,39,Input Transition Off Event,FIRBeam #1,,16,0,,,,,,,,,,
2226.021,38,Input Transition On Event,FIRBeam #1,,16,0,,,,,,,,,,
2226.928,39,Input Transition Off Event,FIRBeam #1,,16,0,,,,,,,,,,
2227.065,38,Input Transition On Event,BIRBeam #1,,16,0,,,,,,,,,,
2227.528,38,Input Transition On Event,Tray #1,,16,0,,,,,,,,,,
2227.528,1,Condition Event,Tray Entry Noted Trial Increment,,16,0,,,,,,,,,,
2227.528,4,Output Off Event,TrayLight #1,,16,0,,,,,,,,,,
2227.528,4,Output Off Event,Sound #1,,16,0,,,,,,,,,,
2227.528,4,Output Off Event,Sound #2,,16,0,,,,,,,,,,
2227.528,4,Output Off Event,Sound #3,,16,0,,,,,,,,,,
2227.528,7,Pulse Output Event,Sound_On #1,,16,1,Duration,0,,,,,,,,
2227.528,16,Variable Event,_Trial_Counter,,16,1,Value,17,,,,,,,,
2227.528,16,Variable Event,Correct_Percent,,16,1,Value,10,,,,,,,,
2227.528,16,Variable Event,Correct_Percent,,16,1,Value,0.588,,,,,,,,
2227.528,16,Variable Event,Correct_Percent,,16,1,Value,58.824,,,,,,,,
2227.528,21,Group Change Event,Group Change,,16,1,New Group,17,,,,,,,,
2227.739,39,Input Transition Off Event,Tray #1,,17,0,,,,,,,,,,
2227.739,1,Condition Event,Tray Exit Starts Correction Trial,,17,0,,,,,,,,,,
2227.739,16,Variable Event,Total_No_Correction_Trials,,17,1,Value,36,,,,,,,,
2227.739,21,Group Change Event,Group Change,,17,1,New Group,6,,,,,,,,
2227.739,1,Condition Event,Display Images,,6,0,,,,,,,,,,
2227.739,32,Whisker - Display Image,Bussey Mouse Operant Mode 3 x 1 x low,Images,6,2,Position,1,Image 1,0,,,,,,
2227.739,32,Whisker - Display Image,Bussey Mouse Operant Mode 3 x 1 x low,Images,6,2,Position,2,Image 3,2,,,,,,
2227.739,21,Group Change Event,Group Change,,6,1,New Group,7,,,,,,,,
2228.006,39,Input Transition Off Event,BIRBeam #1,,7,0,,,,,,,,,,
2229.094,38,Input Transition On Event,FIRBeam #1,,7,0,,,,,,,,,,
2229.525,39,Input Transition Off Event,FIRBeam #1,,7,0,,,,,,,,,,
2229.534,30,Touch Down Event,Bussey Mouse Operant Mode 3 x 1 x low,,7,4,Position,2,Image 3,2,CoordX,152,CoordY,212,,
2229.535,1,Condition Event,Incorrect,,7,0,,,,,,,,,,
2229.535,32,Whisker - Display Image,Bussey Mouse Operant Mode 3 x 1 x low,Background,7,2,Position,1,Image 1,0,,,,,,
2229.535,32,Whisker - Display Image,Bussey Mouse Operant Mode 3 x 1 x low,Background,7,2,Position,2,Image 1,0,,,,,,
2229.535,3,Output On Event,Sound #1,,7,0,,,,,,,,,,
2229.535,3,Output On Event,Sound #2,,7,0,,,,,,,,,,
2229.535,3,Output On Event,Sound #3,,7,0,,,,,,,,,,
2229.535,7,Pulse Output Event,Sound_On #1,,7,1,Duration,0,,,,,,,,
2229.535,29,Timer Event,Time_Out_Timer,,7,1,Value,0,,,,,,,,
2229.535,21,Group Change Event,Group Change,,7,1,New Group,10,,,,,,,,
2229.536,1,Condition Event,TO Houselight On,,10,0,,,,,,,,,,
2229.536,3,Output On Event,HouseLight #1,,10,0,,,,,,,,,,
2229.536,21,Group Change Event,Group Change,,10,1,New Group,11,,,,,,,,
2229.536,1,Condition Event,Sequential Correction Trials,,11,0,,,,,,,,,,
2229.536,16,Variable Event,Sequential_Correction_Trials,,11,1,Value,1,,,,,,,,
2229.536,16,Variable Event,Increment_this_trial,,11,1,Value,0,,,,,,,,
2229.536,21,Group Change Event,Group Change,,11,1,New Group,12,,,,,,,,
2229.536,1,Condition Event,Incorrect Trails to Correction Trial,,12,0,,,,,,,,,,
2229.536,16,Variable Event,Correction_Counter,,12,1,Value,2,,,,,,,,
2229.536,21,Group Change Event,Group Change,,12,1,New Group,18,,,,,,,,
2229.536,1,Condition Event,Change ITI time,,18,0,,,,,,,,,,
2229.536,16,Variable Event,ITI,,18,1,Value,20,,,,,,,,
2229.536,21,Group Change Event,Group Change,,18,1,New Group,13,,,,,,,,
2229.633,31,Touch Up Event,Bussey Mouse Operant Mode 3 x 1 x low,,13,4,Position,2,Image 1,0,CoordX,134,CoordY,193,,
2230.091,30,Touch Down Event,Bussey Mouse Operant Mode 3 x 1 x low,,13,4,Position,2,Image 1,0,CoordX,166,CoordY,118,,
2230.149,31,Touch Up Event,Bussey Mouse Operant Mode 3 x 1 x low,,13,4,Position,2,Image 1,0,CoordX,166,CoordY,193,,
2230.168,30,Touch Down Event,Bussey Mouse Operant Mode 3 x 1 x low,,13,4,Position,2,Image 1,0,CoordX,166,CoordY,80,,
2230.324,31,Touch Up Event,Bussey Mouse Operant Mode 3 x 1 x low,,13,4,Position,2,Image 1,0,CoordX,152,CoordY,80,,
2232.836,38,Input Transition On Event,FIRBeam #1,,13,0,,,,,,,,,,
2234.535,1,Condition Event,Time Out End,,13,0,,,,,,,,,,
2234.535,29,Timer Event,ITI_Timer,,13,1,Value,0,,,,,,,,
2234.535,21,Group Change Event,Group Change,,13,1,New Group,14,,,,,,,,
2234.535,1,Condition Event,Reset Houselight off,,14,0,,,,,,,,,,
2234.535,4,Output Off Event,HouseLight #1,,14,0,,,,,,,,,,
2234.535,21,Group Change Event,Group Change,,14,1,New Group,9,,,,,,,,
2236.932,39,Input Transition Off Event,FIRBeam #1,,9,0,,,,,,,,,,
2238.014,30,Touch Down Event,Bussey Mouse Operant Mode 3 x 1 x low,,9,4,Position,0,(NoImageOrVideo),-1,CoordX,79,CoordY,555,,
2238.054,31,Touch Up Event,Bussey Mouse Operant Mode 3 x 1 x low,,9,4,Position,0,(NoImageOrVideo),-1,CoordX,79,CoordY,555,,
2241.806,30,Touch Down Event,Bussey Mouse Operant Mode 3 x 1 x low,,9,4,Position,1,Image 1,0,CoordX,71,CoordY,105,,
2241.806,1,Condition Event,Left Screen Touches,,9,0,,,,,,,,,,
2241.806,16,Variable Event,Left_Touches_during_ITI,,9,1,Value,75,,,,,,,,
2241.806,61,Group Maintain Event,Group Change,,9,1,New Group,9,,,,,,,,
2241.961,31,Touch Up Event,Bussey Mouse Operant Mode 3 x 1 x low,,9,4,Position,1,Image 1,0,CoordX,138,CoordY,174,,
2242,30,Touch Down Event,Bussey Mouse Operant Mode 3 x 1 x low,,9,4,Position,1,Image 1,0,CoordX,173,CoordY,193,,
2242,1,Condition Event,Left Screen Touches,,9,0,,,,,,,,,,
2242,16,Variable Event,Left_Touches_during_ITI,,9,1,Value,76,,,,,,,,
2242,61,Group Maintain Event,Group Change,,9,1,New Group,9,,,,,,,,
2242.02,31,Touch Up Event,Bussey Mouse Operant Mode 3 x 1 x low,,9,4,Position,1,Image 1,0,CoordX,173,CoordY,193,,
2244.683,38,Input Transition On Event,FIRBeam #1,,9,0,,,,,,,,,,
2251.946,39,Input Transition Off Event,FIRBeam #1,,9,0,,,,,,,,,,
2252.342,38,Input Transition On Event,FIRBeam #1,,9,0,,,,,,,,,,
2254.535,1,Condition Event,Next trial,,9,0,,,,,,,,,,
2254.535,3,Output On Event,TrayLight #1,,9,0,,,,,,,,,,
2254.535,16,Variable Event,First_Trial,,9,1,Value,0,,,,,,,,
2254.535,16,Variable Event,First_Analysis,,9,1,Value,1,,,,,,,,
2254.535,16,Variable Event,ITI,,9,1,Value,20,,,,,,,,
2254.535,21,Group Change Event,Group Change,,9,1,New Group,15,,,,,,,,
2254.535,1,Condition Event,Start Correction Trial,,15,0,,,,,,,,,,
2254.535,16,Variable Event,Correction_Trial,,15,1,Value,1,,,,,,,,
2254.535,21,Group Change Event,Group Change,,15,1,New Group,16,,,,,,,,
2256.363,39,Input Transition Off Event,FIRBeam #1,,16,0,,,,,,,,,,
2258.653,38,Input Transition On Event,FIRBeam #1,,16,0,,,,,,,,,,
2263.665,39,Input Transition Off Event,FIRBeam #1,,16,0,,,,,,,,,,
2264.084,38,Input Transition On Event,FIRBeam #1,,16,0,,,,,,,,,,
2264.442,39,Input Transition Off Event,FIRBeam #1,,16,0,,,,,,,,,,
2264.648,38,Input Transition On Event,BIRBeam #1,,16,0,,,,,,,,,,
2265.133,39,Input Transition Off Event,BIRBeam #1,,16,0,,,,,,,,,,
2265.539,38,Input Transition On Event,FIRBeam #1,,16,0,,,,,,,,,,
2267.462,39,Input Transition Off Event,FIRBeam #1,,16,0,,,,,,,,,,
2270.366,38,Input Transition On Event,FIRBeam #1,,16,0,,,,,,,,,,
2270.466,39,Input Transition Off Event,FIRBeam #1,,16,0,,,,,,,,,,
2272.7,30,Touch Down Event,Bussey Mouse Operant Mode 3 x 1 x low,,16,4,Position,0,(NoImageOrVideo),-1,CoordX,79,CoordY,555,,
2272.895,31,Touch Up Event,Bussey Mouse Operant Mode 3 x 1 x low,,16,4,Position,0,(NoImageOrVideo),-1,CoordX,67,CoordY,555,,
2273.012,38,Input Transition On Event,FIRBeam #1,,16,0,,,,,,,,,,
2273.256,39,Input Transition Off Event,FIRBeam #1,,16,0,,,,,,,,,,
2274.217,38,Input Transition On Event,FIRBeam #1,,16,0,,,,,,,,,,
2275.23,39,Input Transition Off Event,FIRBeam #1,,16,0,,,,,,,,,,
2281.348,38,Input Transition On Event,FIRBeam #1,,16,0,,,,,,,,,,
2281.56,39,Input Transition Off Event,FIRBeam #1,,16,0,,,,,,,,,,
2281.717,38,Input Transition On Event,BIRBeam #1,,16,0,,,,,,,,,,
2282.239,38,Input Transition On Event,Tray #1,,16,0,,,,,,,,,,
2282.24,1,Condition Event,Tray Entry Noted,,16,0,,,,,,,,,,
2282.24,4,Output Off Event,TrayLight #1,,16,0,,,,,,,,,,
2282.24,4,Output Off Event,Sound #1,,16,0,,,,,,,,,,
2282.24,4,Output Off Event,Sound #2,,16,0,,,,,,,,,,
2282.24,4,Output Off Event,Sound #3,,16,0,,,,,,,,,,
2282.24,7,Pulse Output Event,Sound_On #1,,16,1,Duration,0,,,,,,,,
2282.24,21,Group Change Event,Group Change,,16,1,New Group,17,,,,,,,,
2282.32,39,Input Transition Off Event,Tray #1,,17,0,,,,,,,,,,
2282.321,1,Condition Event,Tray Exit Starts Correction Trial,,17,0,,,,,,,,,,
2282.321,16,Variable Event,Total_No_Correction_Trials,,17,1,Value,37,,,,,,,,
2282.321,21,Group Change Event,Group Change,,17,1,New Group,6,,,,,,,,
2282.321,1,Condition Event,Display Images,,6,0,,,,,,,,,,
2282.321,32,Whisker - Display Image,Bussey Mouse Operant Mode 3 x 1 x low,Images,6,2,Position,1,Image 1,0,,,,,,
2282.321,32,Whisker - Display Image,Bussey Mouse Operant Mode 3 x 1 x low,Images,6,2,Position,2,Image 3,2,,,,,,
2282.321,21,Group Change Event,Group Change,,6,1,New Group,7,,,,,,,,
2283.121,39,Input Transition Off Event,BIRBeam #1,,7,0,,,,,,,,,,
2283.445,38,Input Transition On Event,FIRBeam #1,,7,0,,,,,,,,,,
2284.375,39,Input Transition Off Event,FIRBeam #1,,7,0,,,,,,,,,,
2284.602,30,Touch Down Event,Bussey Mouse Operant Mode 3 x 1 x low,,7,4,Position,2,Image 3,2,CoordX,134,CoordY,193,,
2284.603,1,Condition Event,Incorrect,,7,0,,,,,,,,,,
2284.603,32,Whisker - Display Image,Bussey Mouse Operant Mode 3 x 1 x low,Background,7,2,Position,1,Image 1,0,,,,,,
2284.603,32,Whisker - Display Image,Bussey Mouse Operant Mode 3 x 1 x low,Background,7,2,Position,2,Image 1,0,,,,,,
2284.603,3,Output On Event,Sound #1,,7,0,,,,,,,,,,
2284.603,3,Output On Event,Sound #2,,7,0,,,,,,,,,,
2284.603,3,Output On Event,Sound #3,,7,0,,,,,,,,,,
2284.603,7,Pulse Output Event,Sound_On #1,,7,1,Duration,0,,,,,,,,
2284.603,29,Timer Event,Time_Out_Timer,,7,1,Value,0,,,,,,,,
2284.603,21,Group Change Event,Group Change,,7,1,New Group,10,,,,,,,,
2284.603,1,Condition Event,TO Houselight On,,10,0,,,,,,,,,,
2284.603,3,Output On Event,HouseLight #1,,10,0,,,,,,,,,,
2284.603,21,Group Change Event,Group Change,,10,1,New Group,11,,,,,,,,
2284.603,1,Condition Event,Sequential Correction Trials,,11,0,,,,,,,,,,
2284.603,16,Variable Event,Sequential_Correction_Trials,,11,1,Value,2,,,,,,,,
2284.603,16,Variable Event,Increment_this_trial,,11,1,Value,0,,,,,,,,
2284.603,21,Group Change Event,Group Change,,11,1,New Group,12,,,,,,,,
2284.603,1,Condition Event,Incorrect Trails to Correction Trial,,12,0,,,,,,,,,,
2284.603,16,Variable Event,Correction_Counter,,12,1,Value,3,,,,,,,,
2284.603,21,Group Change Event,Group Change,,12,1,New Group,18,,,,,,,,
2284.603,1,Condition Event,Change ITI time,,18,0,,,,,,,,,,
2284.603,16,Variable Event,ITI,,18,1,Value,20,,,,,,,,
2284.603,21,Group Change Event,Group Change,,18,1,New Group,13,,,,,,,,
2284.894,31,Touch Up Event,Bussey Mouse Operant Mode 3 x 1 x low,,13,4,Position,2,Image 1,0,CoordX,49,CoordY,212,,
2284.993,30,Touch Down Event,Bussey Mouse Operant Mode 3 x 1 x low,,13,4,Position,0,(NoImageOrVideo),-1,CoordX,302,CoordY,555,,
2285.247,31,Touch Up Event,Bussey Mouse Operant Mode 3 x 1 x low,,13,4,Position,2,Image 1,0,CoordX,14,CoordY,212,,
2285.406,30,Touch Down Event,Bussey Mouse Operant Mode 3 x 1 x low,,13,4,Position,2,Image 1,0,CoordX,49,CoordY,174,,
2285.505,31,Touch Up Event,Bussey Mouse Operant Mode 3 x 1 x low,,13,4,Position,2,Image 1,0,CoordX,49,CoordY,174,,
2287.464,38,Input Transition On Event,FIRBeam #1,,13,0,,,,,,,,,,
2287.682,39,Input Transition Off Event,FIRBeam #1,,13,0,,,,,,,,,,
2288.557,38,Input Transition On Event,FIRBeam #1,,13,0,,,,,,,,,,
2288.721,39,Input Transition Off Event,FIRBeam #1,,13,0,,,,,,,,,,
2289.603,1,Condition Event,Time Out End,,13,0,,,,,,,,,,
2289.603,29,Timer Event,ITI_Timer,,13,1,Value,0,,,,,,,,
2289.603,21,Group Change Event,Group Change,,13,1,New Group,14,,,,,,,,
2289.603,1,Condition Event,Reset Houselight off,,14,0,,,,,,,,,,
2289.603,4,Output Off Event,HouseLight #1,,14,0,,,,,,,,,,
2289.603,21,Group Change Event,Group Change,,14,1,New Group,9,,,,,,,,
2290.646,30,Touch Down Event,Bussey Mouse Operant Mode 3 x 1 x low,,9,4,Position,2,Image 1,0,CoordX,166,CoordY,212,,
2290.647,1,Condition Event,Centre Screen Touches,,9,0,,,,,,,,,,
2290.647,16,Variable Event,Centre_Touches_during_ITI,,9,1,Value,38,,,,,,,,
2290.647,61,Group Maintain Event,Group Change,,9,1,New Group,9,,,,,,,,
2290.665,31,Touch Up Event,Bussey Mouse Operant Mode 3 x 1 x low,,9,4,Position,2,Image 1,0,CoordX,166,CoordY,212,,
2291.071,38,Input Transition On Event,FIRBeam #1,,9,0,,,,,,,,,,
2291.312,39,Input Transition Off Event,FIRBeam #1,,9,0,,,,,,,,,,
2291.593,38,Input Transition On Event,BIRBeam #1,,9,0,,,,,,,,,,
2291.748,39,Input Transition Off Event,BIRBeam #1,,9,0,,,,,,,,,,
2293.883,38,Input Transition On Event,BIRBeam #1,,9,0,,,,,,,,,,
2294.099,38,Input Transition On Event,Tray #1,,9,0,,,,,,,,,,
2294.358,39,Input Transition Off Event,Tray #1,,9,0,,,,,,,,,,
2295.074,39,Input Transition Off Event,BIRBeam #1,,9,0,,,,,,,,,,
2295.35,38,Input Transition On Event,FIRBeam #1,,9,0,,,,,,,,,,
2299.651,39,Input Transition Off Event,FIRBeam #1,,9,0,,,,,,,,,,
2299.74,38,Input Transition On Event,FIRBeam #1,,9,0,,,,,,,,,,
2299.867,39,Input Transition Off Event,FIRBeam #1,,9,0,,,,,,,,,,
2300.739,38,Input Transition On Event,FIRBeam #1,,9,0,,,,,,,,,,
2300.857,39,Input Transition Off Event,FIRBeam #1,,9,0,,,,,,,,,,
2300.945,38,Input Transition On Event,FIRBeam #1,,9,0,,,,,,,,,,
2301.867,39,Input Transition Off Event,FIRBeam #1,,9,0,,,,,,,,,,
2302.423,38,Input Transition On Event,FIRBeam #1,,9,0,,,,,,,,,,
2305.448,39,Input Transition Off Event,FIRBeam #1,,9,0,,,,,,,,,,
2306.045,38,Input Transition On Event,FIRBeam #1,,9,0,,,,,,,,,,
2306.561,39,Input Transition Off Event,FIRBeam #1,,9,0,,,,,,,,,,
2307.456,38,Input Transition On Event,FIRBeam #1,,9,0,,,,,,,,,,
2309.087,39,Input Transition Off Event,FIRBeam #1,,9,0,,,,,,,,,,
2309.603,1,Condition Event,Next trial,,9,0,,,,,,,,,,
2309.603,3,Output On Event,TrayLight #1,,9,0,,,,,,,,,,
2309.603,16,Variable Event,First_Trial,,9,1,Value,0,,,,,,,,
2309.603,16,Variable Event,First_Analysis,,9,1,Value,1,,,,,,,,
2309.603,16,Variable Event,ITI,,9,1,Value,20,,,,,,,,
2309.603,21,Group Change Event,Group Change,,9,1,New Group,15,,,,,,,,
2309.603,1,Condition Event,Start Correction Trial,,15,0,,,,,,,,,,
2309.603,16,Variable Event,Correction_Trial,,15,1,Value,1,,,,,,,,
2309.603,21,Group Change Event,Group Change,,15,1,New Group,16,,,,,,,,
2310.171,38,Input Transition On Event,BIRBeam #1,,16,0,,,,,,,,,,
2312.166,39,Input Transition Off Event,BIRBeam #1,,16,0,,,,,,,,,,
2312.511,38,Input Transition On Event,FIRBeam #1,,16,0,,,,,,,,,,
2313.593,39,Input Transition Off Event,FIRBeam #1,,16,0,,,,,,,,,,
2313.856,38,Input Transition On Event,BIRBeam #1,,16,0,,,,,,,,,,
2314.249,39,Input Transition Off Event,BIRBeam #1,,16,0,,,,,,,,,,
2314.582,38,Input Transition On Event,BIRBeam #1,,16,0,,,,,,,,,,
2316.399,39,Input Transition Off Event,BIRBeam #1,,16,0,,,,,,,,,,
2316.81,38,Input Transition On Event,FIRBeam #1,,16,0,,,,,,,,,,
2317.777,39,Input Transition Off Event,FIRBeam #1,,16,0,,,,,,,,,,
2318.161,38,Input Transition On Event,FIRBeam #1,,16,0,,,,,,,,,,
2318.488,39,Input Transition Off Event,FIRBeam #1,,16,0,,,,,,,,,,
2320.046,38,Input Transition On Event,FIRBeam #1,,16,0,,,,,,,,,,
2320.589,39,Input Transition Off Event,FIRBeam #1,,16,0,,,,,,,,,,
2321.539,30,Touch Down Event,Bussey Mouse Operant Mode 3 x 1 x low,,16,4,Position,1,Image 1,0,CoordX,205,CoordY,193,,
2321.886,31,Touch Up Event,Bussey Mouse Operant Mode 3 x 1 x low,,16,4,Position,0,(NoImageOrVideo),-1,CoordX,248,CoordY,555,,
2322.012,38,Input Transition On Event,FIRBeam #1,,16,0,,,,,,,,,,
2322.081,39,Input Transition Off Event,FIRBeam #1,,16,0,,,,,,,,,,
2324.383,38,Input Transition On Event,FIRBeam #1,,16,0,,,,,,,,,,
2324.793,39,Input Transition Off Event,FIRBeam #1,,16,0,,,,,,,,,,
2325.178,38,Input Transition On Event,FIRBeam #1,,16,0,,,,,,,,,,
2326.988,39,Input Transition Off Event,FIRBeam #1,,16,0,,,,,,,,,,
2329.991,30,Touch Down Event,Bussey Mouse Operant Mode 3 x 1 x low,,16,4,Position,1,Image 1,0,CoordX,53,CoordY,124,,
2330.527,31,Touch Up Event,Bussey Mouse Operant Mode 3 x 1 x low,,16,4,Position,1,Image 1,0,CoordX,120,CoordY,154,,
2331.065,30,Touch Down Event,Bussey Mouse Operant Mode 3 x 1 x low,,16,4,Position,0,(NoImageOrVideo),-1,CoordX,248,CoordY,555,,
2331.314,31,Touch Up Event,Bussey Mouse Operant Mode 3 x 1 x low,,16,4,Position,0,(NoImageOrVideo),-1,CoordX,230,CoordY,555,,
2331.694,38,Input Transition On Event,FIRBeam #1,,16,0,,,,,,,,,,
2331.939,39,Input Transition Off Event,FIRBeam #1,,16,0,,,,,,,,,,
2332.111,38,Input Transition On Event,BIRBeam #1,,16,0,,,,,,,,,,
2332.885,39,Input Transition Off Event,BIRBeam #1,,16,0,,,,,,,,,,
2333.319,38,Input Transition On Event,BIRBeam #1,,16,0,,,,,,,,,,
2334.128,39,Input Transition Off Event,BIRBeam #1,,16,0,,,,,,,,,,
2334.41,38,Input Transition On Event,FIRBeam #1,,16,0,,,,,,,,,,
2335.165,39,Input Transition Off Event,FIRBeam #1,,16,0,,,,,,,,,,
2336.714,38,Input Transition On Event,FIRBeam #1,,16,0,,,,,,,,,,
2338.591,39,Input Transition Off Event,FIRBeam #1,,16,0,,,,,,,,,,
2338.777,38,Input Transition On Event,BIRBeam #1,,16,0,,,,,,,,,,
2341.411,39,Input Transition Off Event,BIRBeam #1,,16,0,,,,,,,,,,
2341.822,38,Input Transition On Event,FIRBeam #1,,16,0,,,,,,,,,,
2343.226,39,Input Transition Off Event,FIRBeam #1,,16,0,,,,,,,,,,
2344.503,38,Input Transition On Event,FIRBeam #1,,16,0,,,,,,,,,,
2344.597,39,Input Transition Off Event,FIRBeam #1,,16,0,,,,,,,,,,
2344.622,30,Touch Down Event,Bussey Mouse Operant Mode 3 x 1 x low,,16,4,Position,2,Image 1,0,CoordX,31,CoordY,212,,
2344.777,31,Touch Up Event,Bussey Mouse Operant Mode 3 x 1 x low,,16,4,Position,2,Image 1,0,CoordX,31,CoordY,193,,
2345.031,38,Input Transition On Event,FIRBeam #1,,16,0,,,,,,,,,,
2348.761,39,Input Transition Off Event,FIRBeam #1,,16,0,,,,,,,,,,
2350.107,38,Input Transition On Event,FIRBeam #1,,16,0,,,,,,,,,,
2350.871,39,Input Transition Off Event,FIRBeam #1,,16,0,,,,,,,,,,
2351.574,38,Input Transition On Event,FIRBeam #1,,16,0,,,,,,,,,,
2351.872,39,Input Transition Off Event,FIRBeam #1,,16,0,,,,,,,,,,
2351.915,30,Touch Down Event,Bussey Mouse Operant Mode 3 x 1 x low,,16,4,Position,2,Image 1,0,CoordX,63,CoordY,212,,
2352.091,31,Touch Up Event,Bussey Mouse Operant Mode 3 x 1 x low,,16,4,Position,2,Image 1,0,CoordX,49,CoordY,212,,
2352.288,38,Input Transition On Event,FIRBeam #1,,16,0,,,,,,,,,,
2355.575,39,Input Transition Off Event,FIRBeam #1,,16,0,,,,,,,,,,
2356.832,38,Input Transition On Event,FIRBeam #1,,16,0,,,,,,,,,,
2357.363,39,Input Transition Off Event,FIRBeam #1,,16,0,,,,,,,,,,
2360.488,38,Input Transition On Event,FIRBeam #1,,16,0,,,,,,,,,,
2361.593,39,Input Transition Off Event,FIRBeam #1,,16,0,,,,,,,,,,
2365.98,30,Touch Down Event,Bussey Mouse Operant Mode 3 x 1 x low,,16,4,Position,1,Image 1,0,CoordX,18,CoordY,60,,
2366.861,31,Touch Up Event,Bussey Mouse Operant Mode 3 x 1 x low,,16,4,Position,1,Image 1,0,CoordX,53,CoordY,99,,
2368.041,38,Input Transition On Event,FIRBeam #1,,16,0,,,,,,,,,,
2368.288,39,Input Transition Off Event,FIRBeam #1,,16,0,,,,,,,,,,
2369.518,30,Touch Down Event,Bussey Mouse Operant Mode 3 x 1 x low,,16,4,Position,3,Image 1,0,CoordX,43,CoordY,135,,
2371.411,31,Touch Up Event,Bussey Mouse Operant Mode 3 x 1 x low,,16,4,Position,3,Image 1,0,CoordX,17,CoordY,222,,
2371.614,38,Input Transition On Event,FIRBeam #1,,16,0,,,,,,,,,,
2371.913,39,Input Transition Off Event,FIRBeam #1,,16,0,,,,,,,,,,
2372.001,38,Input Transition On Event,BIRBeam #1,,16,0,,,,,,,,,,
2373.757,39,Input Transition Off Event,BIRBeam #1,,16,0,,,,,,,,,,
2374.077,38,Input Transition On Event,FIRBeam #1,,16,0,,,,,,,,,,
2374.711,39,Input Transition Off Event,FIRBeam #1,,16,0,,,,,,,,,,
2375.985,38,Input Transition On Event,FIRBeam #1,,16,0,,,,,,,,,,
2376.292,39,Input Transition Off Event,FIRBeam #1,,16,0,,,,,,,,,,
2377.23,38,Input Transition On Event,FIRBeam #1,,16,0,,,,,,,,,,
2378.496,39,Input Transition Off Event,FIRBeam #1,,16,0,,,,,,,,,,
2379.24,38,Input Transition On Event,FIRBeam #1,,16,0,,,,,,,,,,
2379.622,39,Input Transition Off Event,FIRBeam #1,,16,0,,,,,,,,,,
2380.266,30,Touch Down Event,Bussey Mouse Operant Mode 3 x 1 x low,,16,4,Position,2,Image 1,0,CoordX,166,CoordY,212,,
2381.209,31,Touch Up Event,Bussey Mouse Operant Mode 3 x 1 x low,,16,4,Position,2,Image 1,0,CoordX,19,CoordY,212,,
2382.194,30,Touch Down Event,Bussey Mouse Operant Mode 3 x 1 x low,,16,4,Position,1,Image 1,0,CoordX,42,CoordY,134,,
2382.696,31,Touch Up Event,Bussey Mouse Operant Mode 3 x 1 x low,,16,4,Position,1,Image 1,0,CoordX,36,CoordY,100,,
2383.435,30,Touch Down Event,Bussey Mouse Operant Mode 3 x 1 x low,,16,4,Position,1,Image 1,0,CoordX,18,CoordY,227,,
2384.091,31,Touch Up Event,Bussey Mouse Operant Mode 3 x 1 x low,,16,4,Position,1,Image 1,0,CoordX,25,CoordY,227,,
2384.512,38,Input Transition On Event,FIRBeam #1,,16,0,,,,,,,,,,
2384.962,39,Input Transition Off Event,FIRBeam #1,,16,0,,,,,,,,,,
2385.475,30,Touch Down Event,Bussey Mouse Operant Mode 3 x 1 x low,,16,4,Position,1,Image 1,0,CoordX,1,CoordY,118,,
2385.774,31,Touch Up Event,Bussey Mouse Operant Mode 3 x 1 x low,,16,4,Position,1,Image 1,0,CoordX,1,CoordY,118,,
2385.833,30,Touch Down Event,Bussey Mouse Operant Mode 3 x 1 x low,,16,4,Position,1,Image 1,0,CoordX,18,CoordY,80,,
2386.35,31,Touch Up Event,Bussey Mouse Operant Mode 3 x 1 x low,,16,4,Position,1,Image 1,0,CoordX,18,CoordY,95,,
2386.47,30,Touch Down Event,Bussey Mouse Operant Mode 3 x 1 x low,,16,4,Position,1,Image 1,0,CoordX,18,CoordY,84,,
2387.439,31,Touch Up Event,Bussey Mouse Operant Mode 3 x 1 x low,,16,4,Position,1,Image 1,0,CoordX,85,CoordY,193,,
2388.105,38,Input Transition On Event,FIRBeam #1,,16,0,,,,,,,,,,
2389.293,39,Input Transition Off Event,FIRBeam #1,,16,0,,,,,,,,,,
2389.342,38,Input Transition On Event,FIRBeam #1,,16,0,,,,,,,,,,
2389.732,39,Input Transition Off Event,FIRBeam #1,,16,0,,,,,,,,,,
2389.849,38,Input Transition On Event,BIRBeam #1,,16,0,,,,,,,,,,
2390.595,39,Input Transition Off Event,BIRBeam #1,,16,0,,,,,,,,,,
2391.476,38,Input Transition On Event,BIRBeam #1,,16,0,,,,,,,,,,
2392.833,38,Input Transition On Event,Tray #1,,16,0,,,,,,,,,,
2392.833,1,Condition Event,Tray Entry Noted,,16,0,,,,,,,,,,
2392.833,4,Output Off Event,TrayLight #1,,16,0,,,,,,,,,,
2392.833,4,Output Off Event,Sound #1,,16,0,,,,,,,,,,
2392.833,4,Output Off Event,Sound #2,,16,0,,,,,,,,,,
2392.833,4,Output Off Event,Sound #3,,16,0,,,,,,,,,,
2392.833,7,Pulse Output Event,Sound_On #1,,16,1,Duration,0,,,,,,,,
2392.833,21,Group Change Event,Group Change,,16,1,New Group,17,,,,,,,,
2393.231,39,Input Transition Off Event,Tray #1,,17,0,,,,,,,,,,
2393.231,1,Condition Event,Tray Exit Starts Correction Trial,,17,0,,,,,,,,,,
2393.231,16,Variable Event,Total_No_Correction_Trials,,17,1,Value,38,,,,,,,,
2393.231,21,Group Change Event,Group Change,,17,1,New Group,6,,,,,,,,
2393.231,1,Condition Event,Display Images,,6,0,,,,,,,,,,
2393.231,32,Whisker - Display Image,Bussey Mouse Operant Mode 3 x 1 x low,Images,6,2,Position,1,Image 1,0,,,,,,
2393.231,32,Whisker - Display Image,Bussey Mouse Operant Mode 3 x 1 x low,Images,6,2,Position,2,Image 3,2,,,,,,
2393.231,21,Group Change Event,Group Change,,6,1,New Group,7,,,,,,,,
2393.568,39,Input Transition Off Event,BIRBeam #1,,7,0,,,,,,,,,,
2393.809,38,Input Transition On Event,FIRBeam #1,,7,0,,,,,,,,,,
2394.237,39,Input Transition Off Event,FIRBeam #1,,7,0,,,,,,,,,,
2394.407,30,Touch Down Event,Bussey Mouse Operant Mode 3 x 1 x low,,7,4,Position,2,Image 3,2,CoordX,63,CoordY,193,,
2394.408,1,Condition Event,Incorrect,,7,0,,,,,,,,,,
2394.408,32,Whisker - Display Image,Bussey Mouse Operant Mode 3 x 1 x low,Background,7,2,Position,1,Image 1,0,,,,,,
2394.408,32,Whisker - Display Image,Bussey Mouse Operant Mode 3 x 1 x low,Background,7,2,Position,2,Image 1,0,,,,,,
2394.408,3,Output On Event,Sound #1,,7,0,,,,,,,,,,
2394.408,3,Output On Event,Sound #2,,7,0,,,,,,,,,,
2394.408,3,Output On Event,Sound #3,,7,0,,,,,,,,,,
2394.408,7,Pulse Output Event,Sound_On #1,,7,1,Duration,0,,,,,,,,
2394.408,29,Timer Event,Time_Out_Timer,,7,1,Value,0,,,,,,,,
2394.408,21,Group Change Event,Group Change,,7,1,New Group,10,,,,,,,,
2394.408,1,Condition Event,TO Houselight On,,10,0,,,,,,,,,,
2394.408,3,Output On Event,HouseLight #1,,10,0,,,,,,,,,,
2394.408,21,Group Change Event,Group Change,,10,1,New Group,11,,,,,,,,
2394.408,1,Condition Event,Sequential Correction Trials,,11,0,,,,,,,,,,
2394.408,16,Variable Event,Sequential_Correction_Trials,,11,1,Value,3,,,,,,,,
2394.408,16,Variable Event,Increment_this_trial,,11,1,Value,0,,,,,,,,
2394.408,21,Group Change Event,Group Change,,11,1,New Group,12,,,,,,,,
2394.408,1,Condition Event,Incorrect Trails to Correction Trial,,12,0,,,,,,,,,,
2394.408,16,Variable Event,Correction_Counter,,12,1,Value,4,,,,,,,,
2394.408,21,Group Change Event,Group Change,,12,1,New Group,18,,,,,,,,
2394.408,1,Condition Event,Change ITI time,,18,0,,,,,,,,,,
2394.408,16,Variable Event,ITI,,18,1,Value,20,,,,,,,,
2394.408,21,Group Change Event,Group Change,,18,1,New Group,13,,,,,,,,
2394.426,31,Touch Up Event,Bussey Mouse Operant Mode 3 x 1 x low,,13,4,Position,2,Image 1,0,CoordX,63,CoordY,193,,
2394.445,30,Touch Down Event,Bussey Mouse Operant Mode 3 x 1 x low,,13,4,Position,2,Image 1,0,CoordX,49,CoordY,212,,
2394.485,31,Touch Up Event,Bussey Mouse Operant Mode 3 x 1 x low,,13,4,Position,2,Image 1,0,CoordX,49,CoordY,212,,
2394.724,30,Touch Down Event,Bussey Mouse Operant Mode 3 x 1 x low,,13,4,Position,2,Image 1,0,CoordX,63,CoordY,202,,
2394.903,31,Touch Up Event,Bussey Mouse Operant Mode 3 x 1 x low,,13,4,Position,2,Image 1,0,CoordX,73,CoordY,154,,
2395.103,30,Touch Down Event,Bussey Mouse Operant Mode 3 x 1 x low,,13,4,Position,2,Image 1,0,CoordX,81,CoordY,154,,
2396.072,31,Touch Up Event,Bussey Mouse Operant Mode 3 x 1 x low,,13,4,Position,2,Image 1,0,CoordX,166,CoordY,86,,
2396.111,30,Touch Down Event,Bussey Mouse Operant Mode 3 x 1 x low,,13,4,Position,2,Image 1,0,CoordX,184,CoordY,159,,
2396.639,31,Touch Up Event,Bussey Mouse Operant Mode 3 x 1 x low,,13,4,Position,2,Image 1,0,CoordX,166,CoordY,154,,
2396.778,30,Touch Down Event,Bussey Mouse Operant Mode 3 x 1 x low,,13,4,Position,2,Image 1,0,CoordX,184,CoordY,70,,
2397.07,31,Touch Up Event,Bussey Mouse Operant Mode 3 x 1 x low,,13,4,Position,2,Image 1,0,CoordX,184,CoordY,106,,
2397.29,30,Touch Down Event,Bussey Mouse Operant Mode 3 x 1 x low,,13,4,Position,3,Image 1,0,CoordX,61,CoordY,56,,
2397.698,31,Touch Up Event,Bussey Mouse Operant Mode 3 x 1 x low,,13,4,Position,3,Image 1,0,CoordX,28,CoordY,62,,
2397.737,30,Touch Down Event,Bussey Mouse Operant Mode 3 x 1 x low,,13,4,Position,3,Image 1,0,CoordX,11,CoordY,80,,
2397.894,31,Touch Up Event,Bussey Mouse Operant Mode 3 x 1 x low,,13,4,Position,3,Image 1,0,CoordX,25,CoordY,109,,
2398.094,30,Touch Down Event,Bussey Mouse Operant Mode 3 x 1 x low,,13,4,Position,0,(NoImageOrVideo),-1,CoordX,453,CoordY,555,,
2398.114,31,Touch Up Event,Bussey Mouse Operant Mode 3 x 1 x low,,13,4,Position,0,(NoImageOrVideo),-1,CoordX,453,CoordY,555,,
2398.872,30,Touch Down Event,Bussey Mouse Operant Mode 3 x 1 x low,,13,4,Position,1,Image 1,0,CoordX,138,CoordY,99,,
2399.067,31,Touch Up Event,Bussey Mouse Operant Mode 3 x 1 x low,,13,4,Position,1,Image 1,0,CoordX,138,CoordY,99,,
2399.408,1,Condition Event,Time Out End,,13,0,,,,,,,,,,
2399.408,29,Timer Event,ITI_Timer,,13,1,Value,0,,,,,,,,
2399.408,21,Group Change Event,Group Change,,13,1,New Group,14,,,,,,,,
2399.408,1,Condition Event,Reset Houselight off,,14,0,,,,,,,,,,
2399.408,4,Output Off Event,HouseLight #1,,14,0,,,,,,,,,,
2399.408,21,Group Change Event,Group Change,,14,1,New Group,9,,,,,,,,
2399.527,30,Touch Down Event,Bussey Mouse Operant Mode 3 x 1 x low,,9,4,Position,2,Image 1,0,CoordX,49,CoordY,80,,
2399.528,1,Condition Event,Centre Screen Touches,,9,0,,,,,,,,,,
2399.528,16,Variable Event,Centre_Touches_during_ITI,,9,1,Value,39,,,,,,,,
2399.528,61,Group Maintain Event,Group Change,,9,1,New Group,9,,,,,,,,
2399.931,31,Touch Up Event,Bussey Mouse Operant Mode 3 x 1 x low,,9,4,Position,2,Image 1,0,CoordX,31,CoordY,80,,
2400.611,30,Touch Down Event,Bussey Mouse Operant Mode 3 x 1 x low,,9,4,Position,1,Image 1,0,CoordX,120,CoordY,80,,
2400.612,1,Condition Event,Left Screen Touches,,9,0,,,,,,,,,,
2400.612,16,Variable Event,Left_Touches_during_ITI,,9,1,Value,77,,,,,,,,
2400.612,61,Group Maintain Event,Group Change,,9,1,New Group,9,,,,,,,,
2400.629,31,Touch Up Event,Bussey Mouse Operant Mode 3 x 1 x low,,9,4,Position,1,Image 1,0,CoordX,120,CoordY,80,,
2400.648,30,Touch Down Event,Bussey Mouse Operant Mode 3 x 1 x low,,9,4,Position,1,Image 1,0,CoordX,72,CoordY,104,,
2400.649,1,Condition Event,Left Screen Touches,,9,0,,,,,,,,,,
2400.649,16,Variable Event,Left_Touches_during_ITI,,9,1,Value,78,,,,,,,,
2400.649,61,Group Maintain Event,Group Change,,9,1,New Group,9,,,,,,,,
2400.996,31,Touch Up Event,Bussey Mouse Operant Mode 3 x 1 x low,,9,4,Position,1,Image 1,0,CoordX,53,CoordY,118,,
2401.035,30,Touch Down Event,Bussey Mouse Operant Mode 3 x 1 x low,,9,4,Position,1,Image 1,0,CoordX,53,CoordY,80,,
2401.036,1,Condition Event,Left Screen Touches,,9,0,,,,,,,,,,
2401.036,16,Variable Event,Left_Touches_during_ITI,,9,1,Value,79,,,,,,,,
2401.036,61,Group Maintain Event,Group Change,,9,1,New Group,9,,,,,,,,
2401.075,31,Touch Up Event,Bussey Mouse Operant Mode 3 x 1 x low,,9,4,Position,1,Image 1,0,CoordX,53,CoordY,80,,
2401.992,30,Touch Down Event,Bussey Mouse Operant Mode 3 x 1 x low,,9,4,Position,1,Image 1,0,CoordX,71,CoordY,99,,
2401.992,1,Condition Event,Left Screen Touches,,9,0,,,,,,,,,,
2401.992,16,Variable Event,Left_Touches_during_ITI,,9,1,Value,80,,,,,,,,
2401.992,61,Group Maintain Event,Group Change,,9,1,New Group,9,,,,,,,,
2402.184,31,Touch Up Event,Bussey Mouse Operant Mode 3 x 1 x low,,9,4,Position,1,Image 1,0,CoordX,71,CoordY,118,,
2405.074,38,Input Transition On Event,FIRBeam #1,,9,0,,,,,,,,,,
2405.303,39,Input Transition Off Event,FIRBeam #1,,9,0,,,,,,,,,,
2407.215,30,Touch Down Event,Bussey Mouse Operant Mode 3 x 1 x low,,9,4,Position,2,Image 1,0,CoordX,104,CoordY,212,,
2407.215,1,Condition Event,Centre Screen Touches,,9,0,,,,,,,,,,
2407.215,16,Variable Event,Centre_Touches_during_ITI,,9,1,Value,40,,,,,,,,
2407.215,61,Group Maintain Event,Group Change,,9,1,New Group,9,,,,,,,,
2407.413,31,Touch Up Event,Bussey Mouse Operant Mode 3 x 1 x low,,9,4,Position,2,Image 1,0,CoordX,99,CoordY,193,,
2409.543,30,Touch Down Event,Bussey Mouse Operant Mode 3 x 1 x low,,9,4,Position,0,(NoImageOrVideo),-1,CoordX,216,CoordY,555,,
2409.85,31,Touch Up Event,Bussey Mouse Operant Mode 3 x 1 x low,,9,4,Position,1,Image 1,0,CoordX,169,CoordY,193,,
2414.534,38,Input Transition On Event,FIRBeam #1,,9,0,,,,,,,,,,
2414.798,39,Input Transition Off Event,FIRBeam #1,,9,0,,,,,,,,,,
2419.408,1,Condition Event,Next trial,,9,0,,,,,,,,,,
2419.408,3,Output On Event,TrayLight #1,,9,0,,,,,,,,,,
2419.408,16,Variable Event,First_Trial,,9,1,Value,0,,,,,,,,
2419.408,16,Variable Event,First_Analysis,,9,1,Value,1,,,,,,,,
2419.408,16,Variable Event,ITI,,9,1,Value,20,,,,,,,,
2419.408,21,Group Change Event,Group Change,,9,1,New Group,15,,,,,,,,
2419.408,1,Condition Event,Start Correction Trial,,15,0,,,,,,,,,,
2419.408,16,Variable Event,Correction_Trial,,15,1,Value,1,,,,,,,,
2419.408,21,Group Change Event,Group Change,,15,1,New Group,16,,,,,,,,
2420.371,38,Input Transition On Event,FIRBeam #1,,16,0,,,,,,,,,,
2420.69,39,Input Transition Off Event,FIRBeam #1,,16,0,,,,,,,,,,
2422.124,38,Input Transition On Event,BIRBeam #1,,16,0,,,,,,,,,,
2422.462,39,Input Transition Off Event,BIRBeam #1,,16,0,,,,,,,,,,
2424.716,38,Input Transition On Event,FIRBeam #1,,16,0,,,,,,,,,,
2425.968,39,Input Transition Off Event,FIRBeam #1,,16,0,,,,,,,,,,
2426.16,38,Input Transition On Event,FIRBeam #1,,16,0,,,,,,,,,,
2426.946,39,Input Transition Off Event,FIRBeam #1,,16,0,,,,,,,,,,
2427.218,38,Input Transition On Event,BIRBeam #1,,16,0,,,,,,,,,,
2427.454,39,Input Transition Off Event,BIRBeam #1,,16,0,,,,,,,,,,
2429.213,38,Input Transition On Event,BIRBeam #1,,16,0,,,,,,,,,,
2430.593,39,Input Transition Off Event,BIRBeam #1,,16,0,,,,,,,,,,
2430.915,38,Input Transition On Event,BIRBeam #1,,16,0,,,,,,,,,,
2431.281,38,Input Transition On Event,Tray #1,,16,0,,,,,,,,,,
2431.281,1,Condition Event,Tray Entry Noted,,16,0,,,,,,,,,,
2431.281,4,Output Off Event,TrayLight #1,,16,0,,,,,,,,,,
2431.281,4,Output Off Event,Sound #1,,16,0,,,,,,,,,,
2431.281,4,Output Off Event,Sound #2,,16,0,,,,,,,,,,
2431.281,4,Output Off Event,Sound #3,,16,0,,,,,,,,,,
2431.281,7,Pulse Output Event,Sound_On #1,,16,1,Duration,0,,,,,,,,
2431.281,21,Group Change Event,Group Change,,16,1,New Group,17,,,,,,,,
2431.553,39,Input Transition Off Event,Tray #1,,17,0,,,,,,,,,,
2431.553,1,Condition Event,Tray Exit Starts Correction Trial,,17,0,,,,,,,,,,
2431.553,16,Variable Event,Total_No_Correction_Trials,,17,1,Value,39,,,,,,,,
2431.553,21,Group Change Event,Group Change,,17,1,New Group,6,,,,,,,,
2431.553,1,Condition Event,Display Images,,6,0,,,,,,,,,,
2431.553,32,Whisker - Display Image,Bussey Mouse Operant Mode 3 x 1 x low,Images,6,2,Position,1,Image 1,0,,,,,,
2431.553,32,Whisker - Display Image,Bussey Mouse Operant Mode 3 x 1 x low,Images,6,2,Position,2,Image 3,2,,,,,,
2431.553,21,Group Change Event,Group Change,,6,1,New Group,7,,,,,,,,
2431.982,39,Input Transition Off Event,BIRBeam #1,,7,0,,,,,,,,,,
2432.238,38,Input Transition On Event,FIRBeam #1,,7,0,,,,,,,,,,
2433.524,39,Input Transition Off Event,FIRBeam #1,,7,0,,,,,,,,,,
2433.728,30,Touch Down Event,Bussey Mouse Operant Mode 3 x 1 x low,,7,4,Position,2,Image 3,2,CoordX,99,CoordY,193,,
2433.728,31,Touch Up Event,Bussey Mouse Operant Mode 3 x 1 x low,,7,4,Position,2,Image 3,2,CoordX,99,CoordY,193,,
2433.728,1,Condition Event,Incorrect,,7,0,,,,,,,,,,
2433.728,32,Whisker - Display Image,Bussey Mouse Operant Mode 3 x 1 x low,Background,7,2,Position,1,Image 1,0,,,,,,
2433.728,32,Whisker - Display Image,Bussey Mouse Operant Mode 3 x 1 x low,Background,7,2,Position,2,Image 1,0,,,,,,
2433.728,3,Output On Event,Sound #1,,7,0,,,,,,,,,,
2433.728,3,Output On Event,Sound #2,,7,0,,,,,,,,,,
2433.728,3,Output On Event,Sound #3,,7,0,,,,,,,,,,
2433.728,7,Pulse Output Event,Sound_On #1,,7,1,Duration,0,,,,,,,,
2433.728,29,Timer Event,Time_Out_Timer,,7,1,Value,0,,,,,,,,
2433.728,21,Group Change Event,Group Change,,7,1,New Group,10,,,,,,,,
2433.728,1,Condition Event,TO Houselight On,,10,0,,,,,,,,,,
2433.728,3,Output On Event,HouseLight #1,,10,0,,,,,,,,,,
2433.728,21,Group Change Event,Group Change,,10,1,New Group,11,,,,,,,,
2433.728,1,Condition Event,Sequential Correction Trials,,11,0,,,,,,,,,,
2433.728,16,Variable Event,Sequential_Correction_Trials,,11,1,Value,4,,,,,,,,
2433.728,16,Variable Event,Increment_this_trial,,11,1,Value,0,,,,,,,,
2433.728,21,Group Change Event,Group Change,,11,1,New Group,12,,,,,,,,
2433.729,1,Condition Event,Incorrect Trails to Correction Trial,,12,0,,,,,,,,,,
2433.729,16,Variable Event,Correction_Counter,,12,1,Value,5,,,,,,,,
2433.729,21,Group Change Event,Group Change,,12,1,New Group,18,,,,,,,,
2433.729,1,Condition Event,Change ITI time,,18,0,,,,,,,,,,
2433.729,16,Variable Event,ITI,,18,1,Value,20,,,,,,,,
2433.729,21,Group Change Event,Group Change,,18,1,New Group,13,,,,,,,,
2434.223,30,Touch Down Event,Bussey Mouse Operant Mode 3 x 1 x low,,13,4,Position,2,Image 1,0,CoordX,81,CoordY,118,,
2434.261,31,Touch Up Event,Bussey Mouse Operant Mode 3 x 1 x low,,13,4,Position,2,Image 1,0,CoordX,81,CoordY,118,,
2434.689,38,Input Transition On Event,FIRBeam #1,,13,0,,,,,,,,,,
2434.83,39,Input Transition Off Event,FIRBeam #1,,13,0,,,,,,,,,,
2435.447,38,Input Transition On Event,FIRBeam #1,,13,0,,,,,,,,,,
2438.728,1,Condition Event,Time Out End,,13,0,,,,,,,,,,
2438.728,29,Timer Event,ITI_Timer,,13,1,Value,0,,,,,,,,
2438.728,21,Group Change Event,Group Change,,13,1,New Group,14,,,,,,,,
2438.728,1,Condition Event,Reset Houselight off,,14,0,,,,,,,,,,
2438.728,4,Output Off Event,HouseLight #1,,14,0,,,,,,,,,,
2438.728,21,Group Change Event,Group Change,,14,1,New Group,9,,,,,,,,
2442.369,39,Input Transition Off Event,FIRBeam #1,,9,0,,,,,,,,,,
2442.667,38,Input Transition On Event,FIRBeam #1,,9,0,,,,,,,,,,
2443.034,39,Input Transition Off Event,FIRBeam #1,,9,0,,,,,,,,,,
2443.18,38,Input Transition On Event,BIRBeam #1,,9,0,,,,,,,,,,
2444.455,38,Input Transition On Event,Tray #1,,9,0,,,,,,,,,,
2444.571,39,Input Transition Off Event,Tray #1,,9,0,,,,,,,,,,
2448.348,39,Input Transition Off Event,BIRBeam #1,,9,0,,,,,,,,,,
2448.55,38,Input Transition On Event,FIRBeam #1,,9,0,,,,,,,,,,
2448.967,39,Input Transition Off Event,FIRBeam #1,,9,0,,,,,,,,,,
2451.108,38,Input Transition On Event,FIRBeam #1,,9,0,,,,,,,,,,
2453.036,39,Input Transition Off Event,FIRBeam #1,,9,0,,,,,,,,,,
2458.728,1,Condition Event,Next trial,,9,0,,,,,,,,,,
2458.728,3,Output On Event,TrayLight #1,,9,0,,,,,,,,,,
2458.728,16,Variable Event,First_Trial,,9,1,Value,0,,,,,,,,
2458.728,16,Variable Event,First_Analysis,,9,1,Value,1,,,,,,,,
2458.728,16,Variable Event,ITI,,9,1,Value,20,,,,,,,,
2458.728,21,Group Change Event,Group Change,,9,1,New Group,15,,,,,,,,
2458.728,1,Condition Event,Start Correction Trial,,15,0,,,,,,,,,,
2458.728,16,Variable Event,Correction_Trial,,15,1,Value,1,,,,,,,,
2458.728,21,Group Change Event,Group Change,,15,1,New Group,16,,,,,,,,
2463.317,38,Input Transition On Event,BIRBeam #1,,16,0,,,,,,,,,,
2463.944,38,Input Transition On Event,Tray #1,,16,0,,,,,,,,,,
2463.944,1,Condition Event,Tray Entry Noted,,16,0,,,,,,,,,,
2463.944,4,Output Off Event,TrayLight #1,,16,0,,,,,,,,,,
2463.944,4,Output Off Event,Sound #1,,16,0,,,,,,,,,,
2463.944,4,Output Off Event,Sound #2,,16,0,,,,,,,,,,
2463.944,4,Output Off Event,Sound #3,,16,0,,,,,,,,,,
2463.944,7,Pulse Output Event,Sound_On #1,,16,1,Duration,0,,,,,,,,
2463.944,21,Group Change Event,Group Change,,16,1,New Group,17,,,,,,,,
2464.234,39,Input Transition Off Event,Tray #1,,17,0,,,,,,,,,,
2464.234,1,Condition Event,Tray Exit Starts Correction Trial,,17,0,,,,,,,,,,
2464.234,16,Variable Event,Total_No_Correction_Trials,,17,1,Value,40,,,,,,,,
2464.234,21,Group Change Event,Group Change,,17,1,New Group,6,,,,,,,,
2464.234,1,Condition Event,Display Images,,6,0,,,,,,,,,,
2464.234,32,Whisker - Display Image,Bussey Mouse Operant Mode 3 x 1 x low,Images,6,2,Position,1,Image 1,0,,,,,,
2464.234,32,Whisker - Display Image,Bussey Mouse Operant Mode 3 x 1 x low,Images,6,2,Position,2,Image 3,2,,,,,,
2464.234,21,Group Change Event,Group Change,,6,1,New Group,7,,,,,,,,
2464.606,39,Input Transition Off Event,BIRBeam #1,,7,0,,,,,,,,,,
2465.054,38,Input Transition On Event,FIRBeam #1,,7,0,,,,,,,,,,
2465.867,39,Input Transition Off Event,FIRBeam #1,,7,0,,,,,,,,,,
2466.593,30,Touch Down Event,Bussey Mouse Operant Mode 3 x 1 x low,,7,4,Position,2,Image 3,2,CoordX,152,CoordY,212,,
2466.594,1,Condition Event,Incorrect,,7,0,,,,,,,,,,
2466.594,32,Whisker - Display Image,Bussey Mouse Operant Mode 3 x 1 x low,Background,7,2,Position,1,Image 1,0,,,,,,
2466.594,32,Whisker - Display Image,Bussey Mouse Operant Mode 3 x 1 x low,Background,7,2,Position,2,Image 1,0,,,,,,
2466.594,3,Output On Event,Sound #1,,7,0,,,,,,,,,,
2466.594,3,Output On Event,Sound #2,,7,0,,,,,,,,,,
2466.594,3,Output On Event,Sound #3,,7,0,,,,,,,,,,
2466.594,7,Pulse Output Event,Sound_On #1,,7,1,Duration,0,,,,,,,,
2466.594,29,Timer Event,Time_Out_Timer,,7,1,Value,0,,,,,,,,
2466.594,21,Group Change Event,Group Change,,7,1,New Group,10,,,,,,,,
2466.594,1,Condition Event,TO Houselight On,,10,0,,,,,,,,,,
2466.594,3,Output On Event,HouseLight #1,,10,0,,,,,,,,,,
2466.594,21,Group Change Event,Group Change,,10,1,New Group,11,,,,,,,,
2466.594,1,Condition Event,Sequential Correction Trials,,11,0,,,,,,,,,,
2466.594,16,Variable Event,Sequential_Correction_Trials,,11,1,Value,5,,,,,,,,
2466.594,16,Variable Event,Increment_this_trial,,11,1,Value,0,,,,,,,,
2466.594,21,Group Change Event,Group Change,,11,1,New Group,12,,,,,,,,
2466.594,1,Condition Event,Incorrect Trails to Correction Trial,,12,0,,,,,,,,,,
2466.594,16,Variable Event,Correction_Counter,,12,1,Value,6,,,,,,,,
2466.594,21,Group Change Event,Group Change,,12,1,New Group,18,,,,,,,,
2466.594,1,Condition Event,Change ITI time,,18,0,,,,,,,,,,
2466.594,16,Variable Event,ITI,,18,1,Value,20,,,,,,,,
2466.594,21,Group Change Event,Group Change,,18,1,New Group,13,,,,,,,,
2466.708,31,Touch Up Event,Bussey Mouse Operant Mode 3 x 1 x low,,13,4,Position,2,Image 1,0,CoordX,116,CoordY,212,,
2466.827,30,Touch Down Event,Bussey Mouse Operant Mode 3 x 1 x low,,13,4,Position,2,Image 1,0,CoordX,81,CoordY,193,,
2467.162,31,Touch Up Event,Bussey Mouse Operant Mode 3 x 1 x low,,13,4,Position,2,Image 1,0,CoordX,81,CoordY,193,,
2467.258,38,Input Transition On Event,FIRBeam #1,,13,0,,,,,,,,,,
2468.639,39,Input Transition Off Event,FIRBeam #1,,13,0,,,,,,,,,,
2470.128,38,Input Transition On Event,FIRBeam #1,,13,0,,,,,,,,,,
2471.563,39,Input Transition Off Event,FIRBeam #1,,13,0,,,,,,,,,,
2471.594,1,Condition Event,Time Out End,,13,0,,,,,,,,,,
2471.594,29,Timer Event,ITI_Timer,,13,1,Value,0,,,,,,,,
2471.594,21,Group Change Event,Group Change,,13,1,New Group,14,,,,,,,,
2471.594,1,Condition Event,Reset Houselight off,,14,0,,,,,,,,,,
2471.594,4,Output Off Event,HouseLight #1,,14,0,,,,,,,,,,
2471.594,21,Group Change Event,Group Change,,14,1,New Group,9,,,,,,,,
2474.141,38,Input Transition On Event,FIRBeam #1,,9,0,,,,,,,,,,
2474.465,39,Input Transition Off Event,FIRBeam #1,,9,0,,,,,,,,,,
2474.901,38,Input Transition On Event,FIRBeam #1,,9,0,,,,,,,,,,
2476.493,39,Input Transition Off Event,FIRBeam #1,,9,0,,,,,,,,,,
2482.465,38,Input Transition On Event,FIRBeam #1,,9,0,,,,,,,,,,
2482.669,39,Input Transition Off Event,FIRBeam #1,,9,0,,,,,,,,,,
2484.99,38,Input Transition On Event,FIRBeam #1,,9,0,,,,,,,,,,
2485.372,39,Input Transition Off Event,FIRBeam #1,,9,0,,,,,,,,,,
2489.06,38,Input Transition On Event,FIRBeam #1,,9,0,,,,,,,,,,
2489.984,39,Input Transition Off Event,FIRBeam #1,,9,0,,,,,,,,,,
2491.594,1,Condition Event,Next trial,,9,0,,,,,,,,,,
2491.594,3,Output On Event,TrayLight #1,,9,0,,,,,,,,,,
2491.594,16,Variable Event,First_Trial,,9,1,Value,0,,,,,,,,
2491.594,16,Variable Event,First_Analysis,,9,1,Value,1,,,,,,,,
2491.594,16,Variable Event,ITI,,9,1,Value,20,,,,,,,,
2491.594,21,Group Change Event,Group Change,,9,1,New Group,15,,,,,,,,
2491.594,1,Condition Event,Start Correction Trial,,15,0,,,,,,,,,,
2491.594,16,Variable Event,Correction_Trial,,15,1,Value,1,,,,,,,,
2491.594,21,Group Change Event,Group Change,,15,1,New Group,16,,,,,,,,
2492.153,38,Input Transition On Event,FIRBeam #1,,16,0,,,,,,,,,,
2493.106,39,Input Transition Off Event,FIRBeam #1,,16,0,,,,,,,,,,
2493.303,38,Input Transition On Event,BIRBeam #1,,16,0,,,,,,,,,,
2494.116,39,Input Transition Off Event,BIRBeam #1,,16,0,,,,,,,,,,
2495.602,38,Input Transition On Event,BIRBeam #1,,16,0,,,,,,,,,,
2495.913,39,Input Transition Off Event,BIRBeam #1,,16,0,,,,,,,,,,
2496.241,38,Input Transition On Event,FIRBeam #1,,16,0,,,,,,,,,,
2496.809,39,Input Transition Off Event,FIRBeam #1,,16,0,,,,,,,,,,
2497.294,38,Input Transition On Event,FIRBeam #1,,16,0,,,,,,,,,,
2498.078,39,Input Transition Off Event,FIRBeam #1,,16,0,,,,,,,,,,
2499.165,38,Input Transition On Event,FIRBeam #1,,16,0,,,,,,,,,,
2501.449,39,Input Transition Off Event,FIRBeam #1,,16,0,,,,,,,,,,
2501.533,38,Input Transition On Event,FIRBeam #1,,16,0,,,,,,,,,,
2502.64,39,Input Transition Off Event,FIRBeam #1,,16,0,,,,,,,,,,
2513.597,38,Input Transition On Event,FIRBeam #1,,16,0,,,,,,,,,,
2516.719,39,Input Transition Off Event,FIRBeam #1,,16,0,,,,,,,,,,
2517.416,38,Input Transition On Event,FIRBeam #1,,16,0,,,,,,,,,,
2517.87,39,Input Transition Off Event,FIRBeam #1,,16,0,,,,,,,,,,
2517.996,38,Input Transition On Event,FIRBeam #1,,16,0,,,,,,,,,,
2518.771,39,Input Transition Off Event,FIRBeam #1,,16,0,,,,,,,,,,
2518.998,38,Input Transition On Event,FIRBeam #1,,16,0,,,,,,,,,,
2519.412,39,Input Transition Off Event,FIRBeam #1,,16,0,,,,,,,,,,
2519.771,38,Input Transition On Event,FIRBeam #1,,16,0,,,,,,,,,,
2519.908,39,Input Transition Off Event,FIRBeam #1,,16,0,,,,,,,,,,
2520.815,38,Input Transition On Event,FIRBeam #1,,16,0,,,,,,,,,,
2521.174,39,Input Transition Off Event,FIRBeam #1,,16,0,,,,,,,,,,
2529.097,38,Input Transition On Event,FIRBeam #1,,16,0,,,,,,,,,,
2552.196,39,Input Transition Off Event,FIRBeam #1,,16,0,,,,,,,,,,
2571.047,38,Input Transition On Event,FIRBeam #1,,16,0,,,,,,,,,,
2571.306,39,Input Transition Off Event,FIRBeam #1,,16,0,,,,,,,,,,
2571.811,30,Touch Down Event,Bussey Mouse Operant Mode 3 x 1 x low,,16,4,Position,1,Image 1,0,CoordX,187,CoordY,193,,
2572.098,31,Touch Up Event,Bussey Mouse Operant Mode 3 x 1 x low,,16,4,Position,1,Image 1,0,CoordX,187,CoordY,145,,
2574.049,38,Input Transition On Event,FIRBeam #1,,16,0,,,,,,,,,,
2584.776,39,Input Transition Off Event,FIRBeam #1,,16,0,,,,,,,,,,
2585.393,38,Input Transition On Event,FIRBeam #1,,16,0,,,,,,,,,,
2586.243,39,Input Transition Off Event,FIRBeam #1,,16,0,,,,,,,,,,
2587.472,30,Touch Down Event,Bussey Mouse Operant Mode 3 x 1 x low,,16,4,Position,1,Image 1,0,CoordX,103,CoordY,135,,
2587.571,31,Touch Up Event,Bussey Mouse Operant Mode 3 x 1 x low,,16,4,Position,1,Image 1,0,CoordX,103,CoordY,135,,
2587.65,30,Touch Down Event,Bussey Mouse Operant Mode 3 x 1 x low,,16,4,Position,1,Image 1,0,CoordX,103,CoordY,99,,
2587.669,31,Touch Up Event,Bussey Mouse Operant Mode 3 x 1 x low,,16,4,Position,1,Image 1,0,CoordX,103,CoordY,99,,
2589.249,30,Touch Down Event,Bussey Mouse Operant Mode 3 x 1 x low,,16,4,Position,1,Image 1,0,CoordX,53,CoordY,154,,
2589.288,31,Touch Up Event,Bussey Mouse Operant Mode 3 x 1 x low,,16,4,Position,1,Image 1,0,CoordX,53,CoordY,154,,
2589.308,30,Touch Down Event,Bussey Mouse Operant Mode 3 x 1 x low,,16,4,Position,1,Image 1,0,CoordX,53,CoordY,135,,
2590.547,31,Touch Up Event,Bussey Mouse Operant Mode 3 x 1 x low,,16,4,Position,1,Image 1,0,CoordX,53,CoordY,104,,
2590.626,30,Touch Down Event,Bussey Mouse Operant Mode 3 x 1 x low,,16,4,Position,1,Image 1,0,CoordX,138,CoordY,168,,
2590.684,31,Touch Up Event,Bussey Mouse Operant Mode 3 x 1 x low,,16,4,Position,1,Image 1,0,CoordX,155,CoordY,193,,
2591.478,38,Input Transition On Event,FIRBeam #1,,16,0,,,,,,,,,,
2591.63,39,Input Transition Off Event,FIRBeam #1,,16,0,,,,,,,,,,
2592.006,38,Input Transition On Event,FIRBeam #1,,16,0,,,,,,,,,,
2593.249,39,Input Transition Off Event,FIRBeam #1,,16,0,,,,,,,,,,
2593.639,38,Input Transition On Event,FIRBeam #1,,16,0,,,,,,,,,,
2594.038,39,Input Transition Off Event,FIRBeam #1,,16,0,,,,,,,,,,
2594.684,38,Input Transition On Event,FIRBeam #1,,16,0,,,,,,,,,,
2594.979,39,Input Transition Off Event,FIRBeam #1,,16,0,,,,,,,,,,
2595.619,38,Input Transition On Event,FIRBeam #1,,16,0,,,,,,,,,,
2597.29,39,Input Transition Off Event,FIRBeam #1,,16,0,,,,,,,,,,
2598.081,38,Input Transition On Event,BIRBeam #1,,16,0,,,,,,,,,,
2598.44,39,Input Transition Off Event,BIRBeam #1,,16,0,,,,,,,,,,
2598.894,38,Input Transition On Event,FIRBeam #1,,16,0,,,,,,,,,,
2599.634,39,Input Transition Off Event,FIRBeam #1,,16,0,,,,,,,,,,
2604.717,38,Input Transition On Event,FIRBeam #1,,16,0,,,,,,,,,,
2605.207,39,Input Transition Off Event,FIRBeam #1,,16,0,,,,,,,,,,
2608.899,30,Touch Down Event,Bussey Mouse Operant Mode 3 x 1 x low,,16,4,Position,1,Image 1,0,CoordX,53,CoordY,118,,
2609.153,31,Touch Up Event,Bussey Mouse Operant Mode 3 x 1 x low,,16,4,Position,1,Image 1,0,CoordX,53,CoordY,118,,
2610.976,38,Input Transition On Event,FIRBeam #1,,16,0,,,,,,,,,,
2611.271,39,Input Transition Off Event,FIRBeam #1,,16,0,,,,,,,,,,
2611.564,38,Input Transition On Event,FIRBeam #1,,16,0,,,,,,,,,,
2612.192,39,Input Transition Off Event,FIRBeam #1,,16,0,,,,,,,,,,
2612.296,38,Input Transition On Event,FIRBeam #1,,16,0,,,,,,,,,,
2613.318,39,Input Transition Off Event,FIRBeam #1,,16,0,,,,,,,,,,
2614.154,38,Input Transition On Event,FIRBeam #1,,16,0,,,,,,,,,,
2614.621,39,Input Transition Off Event,FIRBeam #1,,16,0,,,,,,,,,,
2616.013,38,Input Transition On Event,BIRBeam #1,,16,0,,,,,,,,,,
2616.381,38,Input Transition On Event,Tray #1,,16,0,,,,,,,,,,
2616.381,1,Condition Event,Tray Entry Noted,,16,0,,,,,,,,,,
2616.381,4,Output Off Event,TrayLight #1,,16,0,,,,,,,,,,
2616.381,4,Output Off Event,Sound #1,,16,0,,,,,,,,,,
2616.381,4,Output Off Event,Sound #2,,16,0,,,,,,,,,,
2616.381,4,Output Off Event,Sound #3,,16,0,,,,,,,,,,
2616.381,7,Pulse Output Event,Sound_On #1,,16,1,Duration,0,,,,,,,,
2616.381,21,Group Change Event,Group Change,,16,1,New Group,17,,,,,,,,
2616.47,39,Input Transition Off Event,Tray #1,,17,0,,,,,,,,,,
2616.47,1,Condition Event,Tray Exit Starts Correction Trial,,17,0,,,,,,,,,,
2616.47,16,Variable Event,Total_No_Correction_Trials,,17,1,Value,41,,,,,,,,
2616.47,21,Group Change Event,Group Change,,17,1,New Group,6,,,,,,,,
2616.47,1,Condition Event,Display Images,,6,0,,,,,,,,,,
2616.47,32,Whisker - Display Image,Bussey Mouse Operant Mode 3 x 1 x low,Images,6,2,Position,1,Image 1,0,,,,,,
2616.47,32,Whisker - Display Image,Bussey Mouse Operant Mode 3 x 1 x low,Images,6,2,Position,2,Image 3,2,,,,,,
2616.47,21,Group Change Event,Group Change,,6,1,New Group,7,,,,,,,,
2616.556,38,Input Transition On Event,Tray #1,,7,0,,,,,,,,,,
2617.186,39,Input Transition Off Event,Tray #1,,7,0,,,,,,,,,,
2617.777,39,Input Transition Off Event,BIRBeam #1,,7,0,,,,,,,,,,
2618.028,38,Input Transition On Event,FIRBeam #1,,7,0,,,,,,,,,,
2618.826,39,Input Transition Off Event,FIRBeam #1,,7,0,,,,,,,,,,
2618.951,30,Touch Down Event,Bussey Mouse Operant Mode 3 x 1 x low,,7,4,Position,2,Image 3,2,CoordX,152,CoordY,193,,
2618.951,1,Condition Event,Incorrect,,7,0,,,,,,,,,,
2618.951,32,Whisker - Display Image,Bussey Mouse Operant Mode 3 x 1 x low,Background,7,2,Position,1,Image 1,0,,,,,,
2618.951,32,Whisker - Display Image,Bussey Mouse Operant Mode 3 x 1 x low,Background,7,2,Position,2,Image 1,0,,,,,,
2618.951,3,Output On Event,Sound #1,,7,0,,,,,,,,,,
2618.951,3,Output On Event,Sound #2,,7,0,,,,,,,,,,
2618.951,3,Output On Event,Sound #3,,7,0,,,,,,,,,,
2618.951,7,Pulse Output Event,Sound_On #1,,7,1,Duration,0,,,,,,,,
2618.951,29,Timer Event,Time_Out_Timer,,7,1,Value,0,,,,,,,,
2618.951,21,Group Change Event,Group Change,,7,1,New Group,10,,,,,,,,
2618.951,1,Condition Event,TO Houselight On,,10,0,,,,,,,,,,
2618.951,3,Output On Event,HouseLight #1,,10,0,,,,,,,,,,
2618.951,21,Group Change Event,Group Change,,10,1,New Group,11,,,,,,,,
2618.951,1,Condition Event,Sequential Correction Trials,,11,0,,,,,,,,,,
2618.951,16,Variable Event,Sequential_Correction_Trials,,11,1,Value,6,,,,,,,,
2618.951,16,Variable Event,Increment_this_trial,,11,1,Value,0,,,,,,,,
2618.951,21,Group Change Event,Group Change,,11,1,New Group,12,,,,,,,,
2618.951,1,Condition Event,Incorrect Trails to Correction Trial,,12,0,,,,,,,,,,
2618.951,16,Variable Event,Correction_Counter,,12,1,Value,7,,,,,,,,
2618.951,21,Group Change Event,Group Change,,12,1,New Group,18,,,,,,,,
2618.951,1,Condition Event,Change ITI time,,18,0,,,,,,,,,,
2618.951,16,Variable Event,ITI,,18,1,Value,20,,,,,,,,
2618.951,21,Group Change Event,Group Change,,18,1,New Group,13,,,,,,,,
2619.091,31,Touch Up Event,Bussey Mouse Operant Mode 3 x 1 x low,,13,4,Position,2,Image 1,0,CoordX,152,CoordY,193,,
2620.53,38,Input Transition On Event,FIRBeam #1,,13,0,,,,,,,,,,
2620.877,39,Input Transition Off Event,FIRBeam #1,,13,0,,,,,,,,,,
2621.907,30,Touch Down Event,Bussey Mouse Operant Mode 3 x 1 x low,,13,4,Position,1,Image 1,0,CoordX,155,CoordY,99,,
2621.986,31,Touch Up Event,Bussey Mouse Operant Mode 3 x 1 x low,,13,4,Position,1,Image 1,0,CoordX,155,CoordY,99,,
2623.951,1,Condition Event,Time Out End,,13,0,,,,,,,,,,
2623.951,29,Timer Event,ITI_Timer,,13,1,Value,0,,,,,,,,
2623.951,21,Group Change Event,Group Change,,13,1,New Group,14,,,,,,,,
2623.951,1,Condition Event,Reset Houselight off,,14,0,,,,,,,,,,
2623.951,4,Output Off Event,HouseLight #1,,14,0,,,,,,,,,,
2623.951,21,Group Change Event,Group Change,,14,1,New Group,9,,,,,,,,
2626.881,30,Touch Down Event,Bussey Mouse Operant Mode 3 x 1 x low,,9,4,Position,2,Image 1,0,CoordX,200,CoordY,212,,
2626.882,1,Condition Event,Centre Screen Touches,,9,0,,,,,,,,,,
2626.882,16,Variable Event,Centre_Touches_during_ITI,,9,1,Value,41,,,,,,,,
2626.882,61,Group Maintain Event,Group Change,,9,1,New Group,9,,,,,,,,
2627.487,31,Touch Up Event,Bussey Mouse Operant Mode 3 x 1 x low,,9,4,Position,2,Image 1,0,CoordX,49,CoordY,154,,
2628.025,30,Touch Down Event,Bussey Mouse Operant Mode 3 x 1 x low,,9,4,Position,1,Image 1,0,CoordX,85,CoordY,110,,
2628.026,1,Condition Event,Left Screen Touches,,9,0,,,,,,,,,,
2628.026,16,Variable Event,Left_Touches_during_ITI,,9,1,Value,81,,,,,,,,
2628.026,61,Group Maintain Event,Group Change,,9,1,New Group,9,,,,,,,,
2628.78,31,Touch Up Event,Bussey Mouse Operant Mode 3 x 1 x low,,9,4,Position,1,Image 1,0,CoordX,95,CoordY,129,,
2629.838,30,Touch Down Event,Bussey Mouse Operant Mode 3 x 1 x low,,9,4,Position,1,Image 1,0,CoordX,53,CoordY,66,,
2629.839,1,Condition Event,Left Screen Touches,,9,0,,,,,,,,,,
2629.839,16,Variable Event,Left_Touches_during_ITI,,9,1,Value,82,,,,,,,,
2629.839,61,Group Maintain Event,Group Change,,9,1,New Group,9,,,,,,,,
2630.724,31,Touch Up Event,Bussey Mouse Operant Mode 3 x 1 x low,,9,4,Position,1,Image 1,0,CoordX,53,CoordY,125,,
2631.083,30,Touch Down Event,Bussey Mouse Operant Mode 3 x 1 x low,,9,4,Position,0,(NoImageOrVideo),-1,CoordX,61,CoordY,555,,
2631.803,31,Touch Up Event,Bussey Mouse Operant Mode 3 x 1 x low,,9,4,Position,1,Image 1,0,CoordX,103,CoordY,227,,
2633.061,30,Touch Down Event,Bussey Mouse Operant Mode 3 x 1 x low,,9,4,Position,2,Image 1,0,CoordX,63,CoordY,174,,
2633.062,1,Condition Event,Centre Screen Touches,,9,0,,,,,,,,,,
2633.062,16,Variable Event,Centre_Touches_during_ITI,,9,1,Value,42,,,,,,,,
2633.062,61,Group Maintain Event,Group Change,,9,1,New Group,9,,,,,,,,
2633.524,31,Touch Up Event,Bussey Mouse Operant Mode 3 x 1 x low,,9,4,Position,2,Image 1,0,CoordX,25,CoordY,222,,
2633.642,30,Touch Down Event,Bussey Mouse Operant Mode 3 x 1 x low,,9,4,Position,2,Image 1,0,CoordX,31,CoordY,174,,
2633.643,1,Condition Event,Centre Screen Touches,,9,0,,,,,,,,,,
2633.643,16,Variable Event,Centre_Touches_during_ITI,,9,1,Value,43,,,,,,,,
2633.643,61,Group Maintain Event,Group Change,,9,1,New Group,9,,,,,,,,
2634.512,31,Touch Up Event,Bussey Mouse Operant Mode 3 x 1 x low,,9,4,Position,2,Image 1,0,CoordX,63,CoordY,118,,
2635.112,30,Touch Down Event,Bussey Mouse Operant Mode 3 x 1 x low,,9,4,Position,1,Image 1,0,CoordX,71,CoordY,96,,
2635.113,1,Condition Event,Left Screen Touches,,9,0,,,,,,,,,,
2635.113,16,Variable Event,Left_Touches_during_ITI,,9,1,Value,83,,,,,,,,
2635.113,61,Group Maintain Event,Group Change,,9,1,New Group,9,,,,,,,,
2635.885,31,Touch Up Event,Bussey Mouse Operant Mode 3 x 1 x low,,9,4,Position,1,Image 1,0,CoordX,103,CoordY,153,,
2635.945,30,Touch Down Event,Bussey Mouse Operant Mode 3 x 1 x low,,9,4,Position,1,Image 1,0,CoordX,138,CoordY,212,,
2635.945,1,Condition Event,Left Screen Touches,,9,0,,,,,,,,,,
2635.945,16,Variable Event,Left_Touches_during_ITI,,9,1,Value,84,,,,,,,,
2635.945,61,Group Maintain Event,Group Change,,9,1,New Group,9,,,,,,,,
2635.964,31,Touch Up Event,Bussey Mouse Operant Mode 3 x 1 x low,,9,4,Position,1,Image 1,0,CoordX,138,CoordY,212,,
2636.024,30,Touch Down Event,Bussey Mouse Operant Mode 3 x 1 x low,,9,4,Position,0,(NoImageOrVideo),-1,CoordX,211,CoordY,555,,
2637.436,31,Touch Up Event,Bussey Mouse Operant Mode 3 x 1 x low,,9,4,Position,1,Image 1,0,CoordX,193,CoordY,218,,
2638.122,38,Input Transition On Event,FIRBeam #1,,9,0,,,,,,,,,,
2638.914,39,Input Transition Off Event,FIRBeam #1,,9,0,,,,,,,,,,
2639.269,30,Touch Down Event,Bussey Mouse Operant Mode 3 x 1 x low,,9,4,Position,1,Image 1,0,CoordX,53,CoordY,36,,
2639.269,1,Condition Event,Left Screen Touches,,9,0,,,,,,,,,,
2639.269,16,Variable Event,Left_Touches_during_ITI,,9,1,Value,85,,,,,,,,
2639.269,61,Group Maintain Event,Group Change,,9,1,New Group,9,,,,,,,,
2640.481,31,Touch Up Event,Bussey Mouse Operant Mode 3 x 1 x low,,9,4,Position,1,Image 1,0,CoordX,53,CoordY,99,,
2640.596,30,Touch Down Event,Bussey Mouse Operant Mode 3 x 1 x low,,9,4,Position,1,Image 1,0,CoordX,85,CoordY,89,,
2640.596,1,Condition Event,Left Screen Touches,,9,0,,,,,,,,,,
2640.596,16,Variable Event,Left_Touches_during_ITI,,9,1,Value,86,,,,,,,,
2640.596,61,Group Maintain Event,Group Change,,9,1,New Group,9,,,,,,,,
2640.769,31,Touch Up Event,Bussey Mouse Operant Mode 3 x 1 x low,,9,4,Position,1,Image 1,0,CoordX,85,CoordY,80,,
2642.855,30,Touch Down Event,Bussey Mouse Operant Mode 3 x 1 x low,,9,4,Position,2,Image 1,0,CoordX,202,CoordY,45,,
2642.855,1,Condition Event,Centre Screen Touches,,9,0,,,,,,,,,,
2642.855,16,Variable Event,Centre_Touches_during_ITI,,9,1,Value,44,,,,,,,,
2642.855,61,Group Maintain Event,Group Change,,9,1,New Group,9,,,,,,,,
2643.069,31,Touch Up Event,Bussey Mouse Operant Mode 3 x 1 x low,,9,4,Position,2,Image 1,0,CoordX,202,CoordY,80,,
2643.886,30,Touch Down Event,Bussey Mouse Operant Mode 3 x 1 x low,,9,4,Position,2,Image 1,0,CoordX,184,CoordY,32,,
2643.886,1,Condition Event,Centre Screen Touches,,9,0,,,,,,,,,,
2643.886,16,Variable Event,Centre_Touches_during_ITI,,9,1,Value,45,,,,,,,,
2643.886,61,Group Maintain Event,Group Change,,9,1,New Group,9,,,,,,,,
2643.951,1,Condition Event,Next trial,,9,0,,,,,,,,,,
2643.951,3,Output On Event,TrayLight #1,,9,0,,,,,,,,,,
2643.951,16,Variable Event,First_Trial,,9,1,Value,0,,,,,,,,
2643.951,16,Variable Event,First_Analysis,,9,1,Value,1,,,,,,,,
2643.951,16,Variable Event,ITI,,9,1,Value,20,,,,,,,,
2643.951,21,Group Change Event,Group Change,,9,1,New Group,15,,,,,,,,
2643.951,1,Condition Event,Start Correction Trial,,15,0,,,,,,,,,,
2643.951,16,Variable Event,Correction_Trial,,15,1,Value,1,,,,,,,,
2643.951,21,Group Change Event,Group Change,,15,1,New Group,16,,,,,,,,
2644.312,31,Touch Up Event,Bussey Mouse Operant Mode 3 x 1 x low,,16,4,Position,2,Image 1,0,CoordX,166,CoordY,80,,
2644.371,30,Touch Down Event,Bussey Mouse Operant Mode 3 x 1 x low,,16,4,Position,2,Image 1,0,CoordX,166,CoordY,80,,
2645.726,31,Touch Up Event,Bussey Mouse Operant Mode 3 x 1 x low,,16,4,Position,2,Image 1,0,CoordX,166,CoordY,52,,
2645.785,30,Touch Down Event,Bussey Mouse Operant Mode 3 x 1 x low,,16,4,Position,2,Image 1,0,CoordX,134,CoordY,154,,
2645.883,31,Touch Up Event,Bussey Mouse Operant Mode 3 x 1 x low,,16,4,Position,2,Image 1,0,CoordX,116,CoordY,212,,
2646.269,38,Input Transition On Event,FIRBeam #1,,16,0,,,,,,,,,,
2646.551,39,Input Transition Off Event,FIRBeam #1,,16,0,,,,,,,,,,
2646.693,38,Input Transition On Event,BIRBeam #1,,16,0,,,,,,,,,,
2647.661,39,Input Transition Off Event,BIRBeam #1,,16,0,,,,,,,,,,
2648.488,38,Input Transition On Event,FIRBeam #1,,16,0,,,,,,,,,,
2649.4,39,Input Transition Off Event,FIRBeam #1,,16,0,,,,,,,,,,
2649.439,30,Touch Down Event,Bussey Mouse Operant Mode 3 x 1 x low,,16,4,Position,1,Image 1,0,CoordX,120,CoordY,61,,
2649.707,38,Input Transition On Event,FIRBeam #1,,16,0,,,,,,,,,,
2649.729,31,Touch Up Event,Bussey Mouse Operant Mode 3 x 1 x low,,16,4,Position,1,Image 1,0,CoordX,120,CoordY,61,,
2653.665,39,Input Transition Off Event,FIRBeam #1,,16,0,,,,,,,,,,
2654.798,38,Input Transition On Event,FIRBeam #1,,16,0,,,,,,,,,,
2657.039,39,Input Transition Off Event,FIRBeam #1,,16,0,,,,,,,,,,
2658.237,30,Touch Down Event,Bussey Mouse Operant Mode 3 x 1 x low,,16,4,Position,2,Image 1,0,CoordX,184,CoordY,31,,
2658.391,31,Touch Up Event,Bussey Mouse Operant Mode 3 x 1 x low,,16,4,Position,2,Image 1,0,CoordX,166,CoordY,41,,
2658.669,30,Touch Down Event,Bussey Mouse Operant Mode 3 x 1 x low,,16,4,Position,2,Image 1,0,CoordX,116,CoordY,118,,
2658.765,31,Touch Up Event,Bussey Mouse Operant Mode 3 x 1 x low,,16,4,Position,2,Image 1,0,CoordX,116,CoordY,118,,
2658.804,30,Touch Down Event,Bussey Mouse Operant Mode 3 x 1 x low,,16,4,Position,2,Image 1,0,CoordX,99,CoordY,118,,
2658.804,31,Touch Up Event,Bussey Mouse Operant Mode 3 x 1 x low,,16,4,Position,2,Image 1,0,CoordX,99,CoordY,118,,
2659.18,30,Touch Down Event,Bussey Mouse Operant Mode 3 x 1 x low,,16,4,Position,1,Image 1,0,CoordX,187,CoordY,61,,
2659.664,31,Touch Up Event,Bussey Mouse Operant Mode 3 x 1 x low,,16,4,Position,1,Image 1,0,CoordX,187,CoordY,118,,
2660.003,30,Touch Down Event,Bussey Mouse Operant Mode 3 x 1 x low,,16,4,Position,1,Image 1,0,CoordX,173,CoordY,30,,
2660.351,31,Touch Up Event,Bussey Mouse Operant Mode 3 x 1 x low,,16,4,Position,1,Image 1,0,CoordX,71,CoordY,154,,
2660.805,38,Input Transition On Event,FIRBeam #1,,16,0,,,,,,,,,,
2661.044,39,Input Transition Off Event,FIRBeam #1,,16,0,,,,,,,,,,
2661.166,38,Input Transition On Event,BIRBeam #1,,16,0,,,,,,,,,,
2661.541,38,Input Transition On Event,Tray #1,,16,0,,,,,,,,,,
2661.541,1,Condition Event,Tray Entry Noted,,16,0,,,,,,,,,,
2661.541,4,Output Off Event,TrayLight #1,,16,0,,,,,,,,,,
2661.541,4,Output Off Event,Sound #1,,16,0,,,,,,,,,,
2661.541,4,Output Off Event,Sound #2,,16,0,,,,,,,,,,
2661.541,4,Output Off Event,Sound #3,,16,0,,,,,,,,,,
2661.541,7,Pulse Output Event,Sound_On #1,,16,1,Duration,0,,,,,,,,
2661.541,21,Group Change Event,Group Change,,16,1,New Group,17,,,,,,,,
2661.654,39,Input Transition Off Event,Tray #1,,17,0,,,,,,,,,,
2661.654,1,Condition Event,Tray Exit Starts Correction Trial,,17,0,,,,,,,,,,
2661.654,16,Variable Event,Total_No_Correction_Trials,,17,1,Value,42,,,,,,,,
2661.654,21,Group Change Event,Group Change,,17,1,New Group,6,,,,,,,,
2661.654,1,Condition Event,Display Images,,6,0,,,,,,,,,,
2661.654,32,Whisker - Display Image,Bussey Mouse Operant Mode 3 x 1 x low,Images,6,2,Position,1,Image 1,0,,,,,,
2661.654,32,Whisker - Display Image,Bussey Mouse Operant Mode 3 x 1 x low,Images,6,2,Position,2,Image 3,2,,,,,,
2661.654,21,Group Change Event,Group Change,,6,1,New Group,7,,,,,,,,
2662.111,39,Input Transition Off Event,BIRBeam #1,,7,0,,,,,,,,,,
2662.61,38,Input Transition On Event,FIRBeam #1,,7,0,,,,,,,,,,
2663.096,39,Input Transition Off Event,FIRBeam #1,,7,0,,,,,,,,,,
2663.181,30,Touch Down Event,Bussey Mouse Operant Mode 3 x 1 x low,,7,4,Position,2,Image 3,2,CoordX,99,CoordY,212,,
2663.181,1,Condition Event,Incorrect,,7,0,,,,,,,,,,
2663.181,32,Whisker - Display Image,Bussey Mouse Operant Mode 3 x 1 x low,Background,7,2,Position,1,Image 1,0,,,,,,
2663.181,32,Whisker - Display Image,Bussey Mouse Operant Mode 3 x 1 x low,Background,7,2,Position,2,Image 1,0,,,,,,
2663.181,3,Output On Event,Sound #1,,7,0,,,,,,,,,,
2663.181,3,Output On Event,Sound #2,,7,0,,,,,,,,,,
2663.181,3,Output On Event,Sound #3,,7,0,,,,,,,,,,
2663.181,7,Pulse Output Event,Sound_On #1,,7,1,Duration,0,,,,,,,,
2663.181,29,Timer Event,Time_Out_Timer,,7,1,Value,0,,,,,,,,
2663.181,21,Group Change Event,Group Change,,7,1,New Group,10,,,,,,,,
2663.181,1,Condition Event,TO Houselight On,,10,0,,,,,,,,,,
2663.181,3,Output On Event,HouseLight #1,,10,0,,,,,,,,,,
2663.181,21,Group Change Event,Group Change,,10,1,New Group,11,,,,,,,,
2663.181,1,Condition Event,Sequential Correction Trials,,11,0,,,,,,,,,,
2663.181,16,Variable Event,Sequential_Correction_Trials,,11,1,Value,7,,,,,,,,
2663.181,16,Variable Event,Increment_this_trial,,11,1,Value,0,,,,,,,,
2663.181,21,Group Change Event,Group Change,,11,1,New Group,12,,,,,,,,
2663.181,1,Condition Event,Incorrect Trails to Correction Trial,,12,0,,,,,,,,,,
2663.181,16,Variable Event,Correction_Counter,,12,1,Value,8,,,,,,,,
2663.181,21,Group Change Event,Group Change,,12,1,New Group,18,,,,,,,,
2663.181,1,Condition Event,Change ITI time,,18,0,,,,,,,,,,
2663.181,16,Variable Event,ITI,,18,1,Value,20,,,,,,,,
2663.181,21,Group Change Event,Group Change,,18,1,New Group,13,,,,,,,,
2663.3,31,Touch Up Event,Bussey Mouse Operant Mode 3 x 1 x low,,13,4,Position,2,Image 1,0,CoordX,99,CoordY,193,,
2663.679,30,Touch Down Event,Bussey Mouse Operant Mode 3 x 1 x low,,13,4,Position,2,Image 1,0,CoordX,49,CoordY,154,,
2663.992,31,Touch Up Event,Bussey Mouse Operant Mode 3 x 1 x low,,13,4,Position,2,Image 1,0,CoordX,49,CoordY,154,,
2665.035,38,Input Transition On Event,FIRBeam #1,,13,0,,,,,,,,,,
2668.181,1,Condition Event,Time Out End,,13,0,,,,,,,,,,
2668.181,29,Timer Event,ITI_Timer,,13,1,Value,0,,,,,,,,
2668.181,21,Group Change Event,Group Change,,13,1,New Group,14,,,,,,,,
2668.181,1,Condition Event,Reset Houselight off,,14,0,,,,,,,,,,
2668.181,4,Output Off Event,HouseLight #1,,14,0,,,,,,,,,,
2668.181,21,Group Change Event,Group Change,,14,1,New Group,9,,,,,,,,
2669.799,39,Input Transition Off Event,FIRBeam #1,,9,0,,,,,,,,,,
2671.392,30,Touch Down Event,Bussey Mouse Operant Mode 3 x 1 x low,,9,4,Position,0,(NoImageOrVideo),-1,CoordX,609,CoordY,555,,
2671.489,31,Touch Up Event,Bussey Mouse Operant Mode 3 x 1 x low,,9,4,Position,0,(NoImageOrVideo),-1,CoordX,609,CoordY,555,,
2672.479,38,Input Transition On Event,FIRBeam #1,,9,0,,,,,,,,,,
2674.014,39,Input Transition Off Event,FIRBeam #1,,9,0,,,,,,,,,,
2674.421,38,Input Transition On Event,FIRBeam #1,,9,0,,,,,,,,,,
2676.278,39,Input Transition Off Event,FIRBeam #1,,9,0,,,,,,,,,,
2678.798,38,Input Transition On Event,FIRBeam #1,,9,0,,,,,,,,,,
2679.214,39,Input Transition Off Event,FIRBeam #1,,9,0,,,,,,,,,,
2679.779,38,Input Transition On Event,FIRBeam #1,,9,0,,,,,,,,,,
2682.425,39,Input Transition Off Event,FIRBeam #1,,9,0,,,,,,,,,,
2684.533,30,Touch Down Event,Bussey Mouse Operant Mode 3 x 1 x low,,9,4,Position,3,Image 1,0,CoordX,146,CoordY,206,,
2684.533,1,Condition Event,Right Screen Touches,,9,0,,,,,,,,,,
2684.533,16,Variable Event,Right_touches_during_ITI,,9,1,Value,40,,,,,,,,
2684.533,61,Group Maintain Event,Group Change,,9,1,New Group,9,,,,,,,,
2686.184,31,Touch Up Event,Bussey Mouse Operant Mode 3 x 1 x low,,9,4,Position,3,Image 1,0,CoordX,18,CoordY,212,,
2686.243,30,Touch Down Event,Bussey Mouse Operant Mode 3 x 1 x low,,9,4,Position,3,Image 1,0,CoordX,78,CoordY,212,,
2686.243,1,Condition Event,Right Screen Touches,,9,0,,,,,,,,,,
2686.243,16,Variable Event,Right_touches_during_ITI,,9,1,Value,41,,,,,,,,
2686.243,61,Group Maintain Event,Group Change,,9,1,New Group,9,,,,,,,,
2687.173,31,Touch Up Event,Bussey Mouse Operant Mode 3 x 1 x low,,9,4,Position,3,Image 1,0,CoordX,78,CoordY,212,,
2688.181,1,Condition Event,Next trial,,9,0,,,,,,,,,,
2688.181,3,Output On Event,TrayLight #1,,9,0,,,,,,,,,,
2688.181,16,Variable Event,First_Trial,,9,1,Value,0,,,,,,,,
2688.181,16,Variable Event,First_Analysis,,9,1,Value,1,,,,,,,,
2688.181,16,Variable Event,ITI,,9,1,Value,20,,,,,,,,
2688.181,21,Group Change Event,Group Change,,9,1,New Group,15,,,,,,,,
2688.181,1,Condition Event,Start Correction Trial,,15,0,,,,,,,,,,
2688.181,16,Variable Event,Correction_Trial,,15,1,Value,1,,,,,,,,
2688.181,21,Group Change Event,Group Change,,15,1,New Group,16,,,,,,,,
2690.347,38,Input Transition On Event,FIRBeam #1,,16,0,,,,,,,,,,
2690.826,39,Input Transition Off Event,FIRBeam #1,,16,0,,,,,,,,,,
2692.479,38,Input Transition On Event,FIRBeam #1,,16,0,,,,,,,,,,
2693.036,39,Input Transition Off Event,FIRBeam #1,,16,0,,,,,,,,,,
2693.359,38,Input Transition On Event,BIRBeam #1,,16,0,,,,,,,,,,
2693.784,39,Input Transition Off Event,BIRBeam #1,,16,0,,,,,,,,,,
2694.108,38,Input Transition On Event,BIRBeam #1,,16,0,,,,,,,,,,
2696.978,39,Input Transition Off Event,BIRBeam #1,,16,0,,,,,,,,,,
2697.323,38,Input Transition On Event,FIRBeam #1,,16,0,,,,,,,,,,
2697.88,39,Input Transition Off Event,FIRBeam #1,,16,0,,,,,,,,,,
2698.354,38,Input Transition On Event,FIRBeam #1,,16,0,,,,,,,,,,
2698.727,39,Input Transition Off Event,FIRBeam #1,,16,0,,,,,,,,,,
2698.841,38,Input Transition On Event,BIRBeam #1,,16,0,,,,,,,,,,
2699.352,39,Input Transition Off Event,BIRBeam #1,,16,0,,,,,,,,,,
2701.151,38,Input Transition On Event,BIRBeam #1,,16,0,,,,,,,,,,
2701.782,39,Input Transition Off Event,BIRBeam #1,,16,0,,,,,,,,,,
2702.288,38,Input Transition On Event,FIRBeam #1,,16,0,,,,,,,,,,
2703.307,39,Input Transition Off Event,FIRBeam #1,,16,0,,,,,,,,,,
2703.774,38,Input Transition On Event,BIRBeam #1,,16,0,,,,,,,,,,
2704.133,39,Input Transition Off Event,BIRBeam #1,,16,0,,,,,,,,,,
2706.121,38,Input Transition On Event,BIRBeam #1,,16,0,,,,,,,,,,
2706.336,38,Input Transition On Event,Tray #1,,16,0,,,,,,,,,,
2706.336,1,Condition Event,Tray Entry Noted,,16,0,,,,,,,,,,
2706.336,4,Output Off Event,TrayLight #1,,16,0,,,,,,,,,,
2706.336,4,Output Off Event,Sound #1,,16,0,,,,,,,,,,
2706.336,4,Output Off Event,Sound #2,,16,0,,,,,,,,,,
2706.336,4,Output Off Event,Sound #3,,16,0,,,,,,,,,,
2706.336,7,Pulse Output Event,Sound_On #1,,16,1,Duration,0,,,,,,,,
2706.336,21,Group Change Event,Group Change,,16,1,New Group,17,,,,,,,,
2707.015,39,Input Transition Off Event,Tray #1,,17,0,,,,,,,,,,
2707.015,1,Condition Event,Tray Exit Starts Correction Trial,,17,0,,,,,,,,,,
2707.015,16,Variable Event,Total_No_Correction_Trials,,17,1,Value,43,,,,,,,,
2707.015,21,Group Change Event,Group Change,,17,1,New Group,6,,,,,,,,
2707.015,1,Condition Event,Display Images,,6,0,,,,,,,,,,
2707.015,32,Whisker - Display Image,Bussey Mouse Operant Mode 3 x 1 x low,Images,6,2,Position,1,Image 1,0,,,,,,
2707.015,32,Whisker - Display Image,Bussey Mouse Operant Mode 3 x 1 x low,Images,6,2,Position,2,Image 3,2,,,,,,
2707.015,21,Group Change Event,Group Change,,6,1,New Group,7,,,,,,,,
2708.223,39,Input Transition Off Event,BIRBeam #1,,7,0,,,,,,,,,,
2708.359,38,Input Transition On Event,FIRBeam #1,,7,0,,,,,,,,,,
2708.743,39,Input Transition Off Event,FIRBeam #1,,7,0,,,,,,,,,,
2708.777,30,Touch Down Event,Bussey Mouse Operant Mode 3 x 1 x low,,7,4,Position,2,Image 3,2,CoordX,99,CoordY,193,,
2708.777,1,Condition Event,Incorrect,,7,0,,,,,,,,,,
2708.777,32,Whisker - Display Image,Bussey Mouse Operant Mode 3 x 1 x low,Background,7,2,Position,1,Image 1,0,,,,,,
2708.777,32,Whisker - Display Image,Bussey Mouse Operant Mode 3 x 1 x low,Background,7,2,Position,2,Image 1,0,,,,,,
2708.777,3,Output On Event,Sound #1,,7,0,,,,,,,,,,
2708.777,3,Output On Event,Sound #2,,7,0,,,,,,,,,,
2708.777,3,Output On Event,Sound #3,,7,0,,,,,,,,,,
2708.777,7,Pulse Output Event,Sound_On #1,,7,1,Duration,0,,,,,,,,
2708.777,29,Timer Event,Time_Out_Timer,,7,1,Value,0,,,,,,,,
2708.777,21,Group Change Event,Group Change,,7,1,New Group,10,,,,,,,,
2708.777,1,Condition Event,TO Houselight On,,10,0,,,,,,,,,,
2708.777,3,Output On Event,HouseLight #1,,10,0,,,,,,,,,,
2708.777,21,Group Change Event,Group Change,,10,1,New Group,11,,,,,,,,
2708.777,1,Condition Event,Sequential Correction Trials,,11,0,,,,,,,,,,
2708.777,16,Variable Event,Sequential_Correction_Trials,,11,1,Value,8,,,,,,,,
2708.777,16,Variable Event,Increment_this_trial,,11,1,Value,0,,,,,,,,
2708.777,21,Group Change Event,Group Change,,11,1,New Group,12,,,,,,,,
2708.777,1,Condition Event,Incorrect Trails to Correction Trial,,12,0,,,,,,,,,,
2708.777,16,Variable Event,Correction_Counter,,12,1,Value,9,,,,,,,,
2708.777,21,Group Change Event,Group Change,,12,1,New Group,18,,,,,,,,
2708.777,1,Condition Event,Change ITI time,,18,0,,,,,,,,,,
2708.777,16,Variable Event,ITI,,18,1,Value,20,,,,,,,,
2708.777,21,Group Change Event,Group Change,,18,1,New Group,13,,,,,,,,
2708.836,31,Touch Up Event,Bussey Mouse Operant Mode 3 x 1 x low,,13,4,Position,2,Image 1,0,CoordX,99,CoordY,193,,
2710.075,30,Touch Down Event,Bussey Mouse Operant Mode 3 x 1 x low,,13,4,Position,1,Image 1,0,CoordX,173,CoordY,212,,
2710.134,31,Touch Up Event,Bussey Mouse Operant Mode 3 x 1 x low,,13,4,Position,1,Image 1,0,CoordX,155,CoordY,212,,
2710.353,30,Touch Down Event,Bussey Mouse Operant Mode 3 x 1 x low,,13,4,Position,1,Image 1,0,CoordX,71,CoordY,155,,
2710.76,31,Touch Up Event,Bussey Mouse Operant Mode 3 x 1 x low,,13,4,Position,1,Image 1,0,CoordX,120,CoordY,71,,
2710.819,30,Touch Down Event,Bussey Mouse Operant Mode 3 x 1 x low,,13,4,Position,1,Image 1,0,CoordX,155,CoordY,118,,
2710.857,31,Touch Up Event,Bussey Mouse Operant Mode 3 x 1 x low,,13,4,Position,1,Image 1,0,CoordX,155,CoordY,118,,
2710.916,30,Touch Down Event,Bussey Mouse Operant Mode 3 x 1 x low,,13,4,Position,1,Image 1,0,CoordX,173,CoordY,99,,
2710.936,31,Touch Up Event,Bussey Mouse Operant Mode 3 x 1 x low,,13,4,Position,1,Image 1,0,CoordX,173,CoordY,99,,
2711.015,30,Touch Down Event,Bussey Mouse Operant Mode 3 x 1 x low,,13,4,Position,1,Image 1,0,CoordX,187,CoordY,80,,
2711.293,31,Touch Up Event,Bussey Mouse Operant Mode 3 x 1 x low,,13,4,Position,1,Image 1,0,CoordX,187,CoordY,80,,
2712.781,38,Input Transition On Event,FIRBeam #1,,13,0,,,,,,,,,,
2713.777,1,Condition Event,Time Out End,,13,0,,,,,,,,,,
2713.777,29,Timer Event,ITI_Timer,,13,1,Value,0,,,,,,,,
2713.777,21,Group Change Event,Group Change,,13,1,New Group,14,,,,,,,,
2713.777,1,Condition Event,Reset Houselight off,,14,0,,,,,,,,,,
2713.777,4,Output Off Event,HouseLight #1,,14,0,,,,,,,,,,
2713.777,21,Group Change Event,Group Change,,14,1,New Group,9,,,,,,,,
2716.469,39,Input Transition Off Event,FIRBeam #1,,9,0,,,,,,,,,,
2718.047,38,Input Transition On Event,FIRBeam #1,,9,0,,,,,,,,,,
2718.299,39,Input Transition Off Event,FIRBeam #1,,9,0,,,,,,,,,,
2719.929,38,Input Transition On Event,FIRBeam #1,,9,0,,,,,,,,,,
2720.868,39,Input Transition Off Event,FIRBeam #1,,9,0,,,,,,,,,,
2722.808,38,Input Transition On Event,FIRBeam #1,,9,0,,,,,,,,,,
2724.062,39,Input Transition Off Event,FIRBeam #1,,9,0,,,,,,,,,,
2725.704,30,Touch Down Event,Bussey Mouse Operant Mode 3 x 1 x low,,9,4,Position,2,Image 1,0,CoordX,31,CoordY,212,,
2725.705,1,Condition Event,Centre Screen Touches,,9,0,,,,,,,,,,
2725.705,16,Variable Event,Centre_Touches_during_ITI,,9,1,Value,46,,,,,,,,
2725.705,61,Group Maintain Event,Group Change,,9,1,New Group,9,,,,,,,,
2725.879,31,Touch Up Event,Bussey Mouse Operant Mode 3 x 1 x low,,9,4,Position,2,Image 1,0,CoordX,31,CoordY,174,,
2725.898,30,Touch Down Event,Bussey Mouse Operant Mode 3 x 1 x low,,9,4,Position,2,Image 1,0,CoordX,63,CoordY,154,,
2725.899,1,Condition Event,Centre Screen Touches,,9,0,,,,,,,,,,
2725.899,16,Variable Event,Centre_Touches_during_ITI,,9,1,Value,47,,,,,,,,
2725.899,61,Group Maintain Event,Group Change,,9,1,New Group,9,,,,,,,,
2725.938,31,Touch Up Event,Bussey Mouse Operant Mode 3 x 1 x low,,9,4,Position,2,Image 1,0,CoordX,63,CoordY,154,,
2726.138,30,Touch Down Event,Bussey Mouse Operant Mode 3 x 1 x low,,9,4,Position,2,Image 1,0,CoordX,134,CoordY,193,,
2726.139,1,Condition Event,Centre Screen Touches,,9,0,,,,,,,,,,
2726.139,16,Variable Event,Centre_Touches_during_ITI,,9,1,Value,48,,,,,,,,
2726.139,61,Group Maintain Event,Group Change,,9,1,New Group,9,,,,,,,,
2726.177,31,Touch Up Event,Bussey Mouse Operant Mode 3 x 1 x low,,9,4,Position,2,Image 1,0,CoordX,134,CoordY,193,,
2727.238,38,Input Transition On Event,FIRBeam #1,,9,0,,,,,,,,,,
2728.18,39,Input Transition Off Event,FIRBeam #1,,9,0,,,,,,,,,,
2729.878,30,Touch Down Event,Bussey Mouse Operant Mode 3 x 1 x low,,9,4,Position,0,(NoImageOrVideo),-1,CoordX,79,CoordY,555,,
2729.992,31,Touch Up Event,Bussey Mouse Operant Mode 3 x 1 x low,,9,4,Position,0,(NoImageOrVideo),-1,CoordX,79,CoordY,555,,
2732.821,38,Input Transition On Event,FIRBeam #1,,9,0,,,,,,,,,,
2733.777,1,Condition Event,Next trial,,9,0,,,,,,,,,,
2733.777,3,Output On Event,TrayLight #1,,9,0,,,,,,,,,,
2733.777,16,Variable Event,First_Trial,,9,1,Value,0,,,,,,,,
2733.777,16,Variable Event,First_Analysis,,9,1,Value,1,,,,,,,,
2733.777,16,Variable Event,ITI,,9,1,Value,20,,,,,,,,
2733.777,21,Group Change Event,Group Change,,9,1,New Group,15,,,,,,,,
2733.777,1,Condition Event,Start Correction Trial,,15,0,,,,,,,,,,
2733.777,16,Variable Event,Correction_Trial,,15,1,Value,1,,,,,,,,
2733.777,21,Group Change Event,Group Change,,15,1,New Group,16,,,,,,,,
2735.55,39,Input Transition Off Event,FIRBeam #1,,16,0,,,,,,,,,,
2738.417,38,Input Transition On Event,FIRBeam #1,,16,0,,,,,,,,,,
2740.586,39,Input Transition Off Event,FIRBeam #1,,16,0,,,,,,,,,,
2743.637,38,Input Transition On Event,FIRBeam #1,,16,0,,,,,,,,,,
2744.569,39,Input Transition Off Event,FIRBeam #1,,16,0,,,,,,,,,,
2745.565,30,Touch Down Event,Bussey Mouse Operant Mode 3 x 1 x low,,16,4,Position,1,Image 1,0,CoordX,103,CoordY,114,,
2745.97,31,Touch Up Event,Bussey Mouse Operant Mode 3 x 1 x low,,16,4,Position,1,Image 1,0,CoordX,103,CoordY,154,,
2746.139,38,Input Transition On Event,FIRBeam #1,,16,0,,,,,,,,,,
2746.386,39,Input Transition Off Event,FIRBeam #1,,16,0,,,,,,,,,,
2749.646,38,Input Transition On Event,FIRBeam #1,,16,0,,,,,,,,,,
2749.927,39,Input Transition Off Event,FIRBeam #1,,16,0,,,,,,,,,,
2750.624,38,Input Transition On Event,FIRBeam #1,,16,0,,,,,,,,,,
2752.967,39,Input Transition Off Event,FIRBeam #1,,16,0,,,,,,,,,,
2753.587,38,Input Transition On Event,FIRBeam #1,,16,0,,,,,,,,,,
2754.436,39,Input Transition Off Event,FIRBeam #1,,16,0,,,,,,,,,,
2757.013,38,Input Transition On Event,FIRBeam #1,,16,0,,,,,,,,,,
2759.875,39,Input Transition Off Event,FIRBeam #1,,16,0,,,,,,,,,,
2759.946,38,Input Transition On Event,FIRBeam #1,,16,0,,,,,,,,,,
2760.365,39,Input Transition Off Event,FIRBeam #1,,16,0,,,,,,,,,,
2761.628,38,Input Transition On Event,FIRBeam #1,,16,0,,,,,,,,,,
2761.909,39,Input Transition Off Event,FIRBeam #1,,16,0,,,,,,,,,,
2764.688,30,Touch Down Event,Bussey Mouse Operant Mode 3 x 1 x low,,16,4,Position,1,Image 1,0,CoordX,71,CoordY,183,,
2764.961,31,Touch Up Event,Bussey Mouse Operant Mode 3 x 1 x low,,16,4,Position,1,Image 1,0,CoordX,103,CoordY,84,,
2765.2,30,Touch Down Event,Bussey Mouse Operant Mode 3 x 1 x low,,16,4,Position,1,Image 1,0,CoordX,138,CoordY,135,,
2765.219,31,Touch Up Event,Bussey Mouse Operant Mode 3 x 1 x low,,16,4,Position,1,Image 1,0,CoordX,138,CoordY,135,,
2765.498,30,Touch Down Event,Bussey Mouse Operant Mode 3 x 1 x low,,16,4,Position,1,Image 1,0,CoordX,205,CoordY,212,,
2765.596,31,Touch Up Event,Bussey Mouse Operant Mode 3 x 1 x low,,16,4,Position,1,Image 1,0,CoordX,205,CoordY,212,,
2767.419,38,Input Transition On Event,FIRBeam #1,,16,0,,,,,,,,,,
2768.426,39,Input Transition Off Event,FIRBeam #1,,16,0,,,,,,,,,,
2773.643,38,Input Transition On Event,FIRBeam #1,,16,0,,,,,,,,,,
2773.879,39,Input Transition Off Event,FIRBeam #1,,16,0,,,,,,,,,,
2774.067,38,Input Transition On Event,BIRBeam #1,,16,0,,,,,,,,,,
2775.164,39,Input Transition Off Event,BIRBeam #1,,16,0,,,,,,,,,,
2775.936,38,Input Transition On Event,FIRBeam #1,,16,0,,,,,,,,,,
2779.005,39,Input Transition Off Event,FIRBeam #1,,16,0,,,,,,,,,,
2779.125,30,Touch Down Event,Bussey Mouse Operant Mode 3 x 1 x low,,16,4,Position,1,Image 1,0,CoordX,173,CoordY,80,,
2779.282,31,Touch Up Event,Bussey Mouse Operant Mode 3 x 1 x low,,16,4,Position,1,Image 1,0,CoordX,173,CoordY,80,,
2780.196,38,Input Transition On Event,FIRBeam #1,,16,0,,,,,,,,,,
2781.166,39,Input Transition Off Event,FIRBeam #1,,16,0,,,,,,,,,,
2781.642,38,Input Transition On Event,FIRBeam #1,,16,0,,,,,,,,,,
2781.992,39,Input Transition Off Event,FIRBeam #1,,16,0,,,,,,,,,,
2784.144,38,Input Transition On Event,FIRBeam #1,,16,0,,,,,,,,,,
2784.388,39,Input Transition Off Event,FIRBeam #1,,16,0,,,,,,,,,,
2785.647,30,Touch Down Event,Bussey Mouse Operant Mode 3 x 1 x low,,16,4,Position,0,(NoImageOrVideo),-1,CoordX,699,CoordY,555,,
2785.706,31,Touch Up Event,Bussey Mouse Operant Mode 3 x 1 x low,,16,4,Position,0,(NoImageOrVideo),-1,CoordX,695,CoordY,555,,
2785.826,30,Touch Down Event,Bussey Mouse Operant Mode 3 x 1 x low,,16,4,Position,0,(NoImageOrVideo),-1,CoordX,695,CoordY,575,,
2786.37,31,Touch Up Event,Bussey Mouse Operant Mode 3 x 1 x low,,16,4,Position,3,Image 1,0,CoordX,131,CoordY,104,,
2786.389,30,Touch Down Event,Bussey Mouse Operant Mode 3 x 1 x low,,16,4,Position,3,Image 1,0,CoordX,114,CoordY,135,,
2786.507,31,Touch Up Event,Bussey Mouse Operant Mode 3 x 1 x low,,16,4,Position,3,Image 1,0,CoordX,131,CoordY,110,,
2786.567,30,Touch Down Event,Bussey Mouse Operant Mode 3 x 1 x low,,16,4,Position,3,Image 1,0,CoordX,43,CoordY,144,,
2786.759,31,Touch Up Event,Bussey Mouse Operant Mode 3 x 1 x low,,16,4,Position,3,Image 1,0,CoordX,43,CoordY,212,,
2787.04,38,Input Transition On Event,FIRBeam #1,,16,0,,,,,,,,,,
2793.396,39,Input Transition Off Event,FIRBeam #1,,16,0,,,,,,,,,,
2794.538,38,Input Transition On Event,FIRBeam #1,,16,0,,,,,,,,,,
2797.207,39,Input Transition Off Event,FIRBeam #1,,16,0,,,,,,,,,,
2798.002,38,Input Transition On Event,FIRBeam #1,,16,0,,,,,,,,,,
2799.374,39,Input Transition Off Event,FIRBeam #1,,16,0,,,,,,,,,,
2801.446,38,Input Transition On Event,FIRBeam #1,,16,0,,,,,,,,,,
2802.184,39,Input Transition Off Event,FIRBeam #1,,16,0,,,,,,,,,,
2802.887,38,Input Transition On Event,FIRBeam #1,,16,0,,,,,,,,,,
2804.7,39,Input Transition Off Event,FIRBeam #1,,16,0,,,,,,,,,,
2809.349,38,Input Transition On Event,FIRBeam #1,,16,0,,,,,,,,,,
2810.244,39,Input Transition Off Event,FIRBeam #1,,16,0,,,,,,,,,,
2811.099,38,Input Transition On Event,FIRBeam #1,,16,0,,,,,,,,,,
2817.427,39,Input Transition Off Event,FIRBeam #1,,16,0,,,,,,,,,,
2818.19,38,Input Transition On Event,FIRBeam #1,,16,0,,,,,,,,,,
2818.738,39,Input Transition Off Event,FIRBeam #1,,16,0,,,,,,,,,,
2820.767,38,Input Transition On Event,FIRBeam #1,,16,0,,,,,,,,,,
2821.143,39,Input Transition Off Event,FIRBeam #1,,16,0,,,,,,,,,,
2826.085,38,Input Transition On Event,FIRBeam #1,,16,0,,,,,,,,,,
2828.404,39,Input Transition Off Event,FIRBeam #1,,16,0,,,,,,,,,,
2829.121,38,Input Transition On Event,FIRBeam #1,,16,0,,,,,,,,,,
2829.302,39,Input Transition Off Event,FIRBeam #1,,16,0,,,,,,,,,,
2829.721,38,Input Transition On Event,FIRBeam #1,,16,0,,,,,,,,,,
2830.682,39,Input Transition Off Event,FIRBeam #1,,16,0,,,,,,,,,,
2831.819,30,Touch Down Event,Bussey Mouse Operant Mode 3 x 1 x low,,16,4,Position,2,Image 1,0,CoordX,184,CoordY,212,,
2831.917,31,Touch Up Event,Bussey Mouse Operant Mode 3 x 1 x low,,16,4,Position,2,Image 1,0,CoordX,166,CoordY,193,,
2832.028,38,Input Transition On Event,FIRBeam #1,,16,0,,,,,,,,,,
2834.863,39,Input Transition Off Event,FIRBeam #1,,16,0,,,,,,,,,,
2835.698,38,Input Transition On Event,FIRBeam #1,,16,0,,,,,,,,,,
2836.616,39,Input Transition Off Event,FIRBeam #1,,16,0,,,,,,,,,,
2836.915,38,Input Transition On Event,FIRBeam #1,,16,0,,,,,,,,,,
2837.821,39,Input Transition Off Event,FIRBeam #1,,16,0,,,,,,,,,,
2838.047,38,Input Transition On Event,BIRBeam #1,,16,0,,,,,,,,,,
2838.618,39,Input Transition Off Event,BIRBeam #1,,16,0,,,,,,,,,,
2839.006,38,Input Transition On Event,FIRBeam #1,,16,0,,,,,,,,,,
2840.734,39,Input Transition Off Event,FIRBeam #1,,16,0,,,,,,,,,,
2845.033,38,Input Transition On Event,FIRBeam #1,,16,0,,,,,,,,,,
2845.142,39,Input Transition Off Event,FIRBeam #1,,16,0,,,,,,,,,,
2846.635,38,Input Transition On Event,FIRBeam #1,,16,0,,,,,,,,,,
2846.876,39,Input Transition Off Event,FIRBeam #1,,16,0,,,,,,,,,,
2847.031,38,Input Transition On Event,FIRBeam #1,,16,0,,,,,,,,,,
2848.118,39,Input Transition Off Event,FIRBeam #1,,16,0,,,,,,,,,,
2851.812,38,Input Transition On Event,FIRBeam #1,,16,0,,,,,,,,,,
2852.34,39,Input Transition Off Event,FIRBeam #1,,16,0,,,,,,,,,,
2854.348,38,Input Transition On Event,BIRBeam #1,,16,0,,,,,,,,,,
2859.246,38,Input Transition On Event,Tray #1,,16,0,,,,,,,,,,
2859.246,1,Condition Event,Tray Entry Noted,,16,0,,,,,,,,,,
2859.246,4,Output Off Event,TrayLight #1,,16,0,,,,,,,,,,
2859.246,4,Output Off Event,Sound #1,,16,0,,,,,,,,,,
2859.246,4,Output Off Event,Sound #2,,16,0,,,,,,,,,,
2859.246,4,Output Off Event,Sound #3,,16,0,,,,,,,,,,
2859.246,7,Pulse Output Event,Sound_On #1,,16,1,Duration,0,,,,,,,,
2859.246,21,Group Change Event,Group Change,,16,1,New Group,17,,,,,,,,
2859.277,39,Input Transition Off Event,Tray #1,,17,0,,,,,,,,,,
2859.277,1,Condition Event,Tray Exit Starts Correction Trial,,17,0,,,,,,,,,,
2859.277,16,Variable Event,Total_No_Correction_Trials,,17,1,Value,44,,,,,,,,
2859.277,21,Group Change Event,Group Change,,17,1,New Group,6,,,,,,,,
2859.277,1,Condition Event,Display Images,,6,0,,,,,,,,,,
2859.277,32,Whisker - Display Image,Bussey Mouse Operant Mode 3 x 1 x low,Images,6,2,Position,1,Image 1,0,,,,,,
2859.277,32,Whisker - Display Image,Bussey Mouse Operant Mode 3 x 1 x low,Images,6,2,Position,2,Image 3,2,,,,,,
2859.277,21,Group Change Event,Group Change,,6,1,New Group,7,,,,,,,,
2859.312,38,Input Transition On Event,Tray #1,,7,0,,,,,,,,,,
2859.455,39,Input Transition Off Event,Tray #1,,7,0,,,,,,,,,,
2859.49,38,Input Transition On Event,Tray #1,,7,0,,,,,,,,,,
2859.909,39,Input Transition Off Event,Tray #1,,7,0,,,,,,,,,,
2860.173,39,Input Transition Off Event,BIRBeam #1,,7,0,,,,,,,,,,
2860.483,38,Input Transition On Event,FIRBeam #1,,7,0,,,,,,,,,,
2861.04,39,Input Transition Off Event,FIRBeam #1,,7,0,,,,,,,,,,
2861.069,30,Touch Down Event,Bussey Mouse Operant Mode 3 x 1 x low,,7,4,Position,2,Image 3,2,CoordX,99,CoordY,212,,
2861.07,1,Condition Event,Incorrect,,7,0,,,,,,,,,,
2861.07,32,Whisker - Display Image,Bussey Mouse Operant Mode 3 x 1 x low,Background,7,2,Position,1,Image 1,0,,,,,,
2861.07,32,Whisker - Display Image,Bussey Mouse Operant Mode 3 x 1 x low,Background,7,2,Position,2,Image 1,0,,,,,,
2861.07,3,Output On Event,Sound #1,,7,0,,,,,,,,,,
2861.07,3,Output On Event,Sound #2,,7,0,,,,,,,,,,
2861.07,3,Output On Event,Sound #3,,7,0,,,,,,,,,,
2861.07,7,Pulse Output Event,Sound_On #1,,7,1,Duration,0,,,,,,,,
2861.07,29,Timer Event,Time_Out_Timer,,7,1,Value,0,,,,,,,,
2861.07,21,Group Change Event,Group Change,,7,1,New Group,10,,,,,,,,
2861.07,1,Condition Event,TO Houselight On,,10,0,,,,,,,,,,
2861.07,3,Output On Event,HouseLight #1,,10,0,,,,,,,,,,
2861.07,21,Group Change Event,Group Change,,10,1,New Group,11,,,,,,,,
2861.07,1,Condition Event,Sequential Correction Trials,,11,0,,,,,,,,,,
2861.07,16,Variable Event,Sequential_Correction_Trials,,11,1,Value,9,,,,,,,,
2861.07,16,Variable Event,Increment_this_trial,,11,1,Value,0,,,,,,,,
2861.07,21,Group Change Event,Group Change,,11,1,New Group,12,,,,,,,,
2861.07,1,Condition Event,Incorrect Trails to Correction Trial,,12,0,,,,,,,,,,
2861.07,16,Variable Event,Correction_Counter,,12,1,Value,10,,,,,,,,
2861.07,21,Group Change Event,Group Change,,12,1,New Group,18,,,,,,,,
2861.07,1,Condition Event,Change ITI time,,18,0,,,,,,,,,,
2861.07,16,Variable Event,ITI,,18,1,Value,20,,,,,,,,
2861.07,21,Group Change Event,Group Change,,18,1,New Group,13,,,,,,,,
2861.166,31,Touch Up Event,Bussey Mouse Operant Mode 3 x 1 x low,,13,4,Position,2,Image 1,0,CoordX,81,CoordY,193,,
2862.824,30,Touch Down Event,Bussey Mouse Operant Mode 3 x 1 x low,,13,4,Position,1,Image 1,0,CoordX,103,CoordY,135,,
2863.04,31,Touch Up Event,Bussey Mouse Operant Mode 3 x 1 x low,,13,4,Position,1,Image 1,0,CoordX,103,CoordY,118,,
2863.06,30,Touch Down Event,Bussey Mouse Operant Mode 3 x 1 x low,,13,4,Position,1,Image 1,0,CoordX,103,CoordY,99,,
2863.487,31,Touch Up Event,Bussey Mouse Operant Mode 3 x 1 x low,,13,4,Position,1,Image 1,0,CoordX,103,CoordY,99,,
2863.525,38,Input Transition On Event,FIRBeam #1,,13,0,,,,,,,,,,
2863.769,39,Input Transition Off Event,FIRBeam #1,,13,0,,,,,,,,,,
2866.07,1,Condition Event,Time Out End,,13,0,,,,,,,,,,
2866.07,29,Timer Event,ITI_Timer,,13,1,Value,0,,,,,,,,
2866.07,21,Group Change Event,Group Change,,13,1,New Group,14,,,,,,,,
2866.07,1,Condition Event,Reset Houselight off,,14,0,,,,,,,,,,
2866.07,4,Output Off Event,HouseLight #1,,14,0,,,,,,,,,,
2866.07,21,Group Change Event,Group Change,,14,1,New Group,9,,,,,,,,
2867.649,38,Input Transition On Event,FIRBeam #1,,9,0,,,,,,,,,,
2868.168,39,Input Transition Off Event,FIRBeam #1,,9,0,,,,,,,,,,
2870.694,38,Input Transition On Event,FIRBeam #1,,9,0,,,,,,,,,,
2870.835,39,Input Transition Off Event,FIRBeam #1,,9,0,,,,,,,,,,
2873.242,38,Input Transition On Event,FIRBeam #1,,9,0,,,,,,,,,,
2873.656,39,Input Transition Off Event,FIRBeam #1,,9,0,,,,,,,,,,
2878.869,38,Input Transition On Event,FIRBeam #1,,9,0,,,,,,,,,,
2880.439,39,Input Transition Off Event,FIRBeam #1,,9,0,,,,,,,,,,
2881.297,38,Input Transition On Event,FIRBeam #1,,9,0,,,,,,,,,,
2881.549,39,Input Transition Off Event,FIRBeam #1,,9,0,,,,,,,,,,
2882.307,38,Input Transition On Event,FIRBeam #1,,9,0,,,,,,,,,,
2883.449,39,Input Transition Off Event,FIRBeam #1,,9,0,,,,,,,,,,
2883.572,38,Input Transition On Event,FIRBeam #1,,9,0,,,,,,,,,,
2884.241,39,Input Transition Off Event,FIRBeam #1,,9,0,,,,,,,,,,
2886.07,1,Condition Event,Next trial,,9,0,,,,,,,,,,
2886.07,3,Output On Event,TrayLight #1,,9,0,,,,,,,,,,
2886.07,16,Variable Event,First_Trial,,9,1,Value,0,,,,,,,,
2886.07,16,Variable Event,First_Analysis,,9,1,Value,1,,,,,,,,
2886.07,16,Variable Event,ITI,,9,1,Value,20,,,,,,,,
2886.07,21,Group Change Event,Group Change,,9,1,New Group,15,,,,,,,,
2886.07,1,Condition Event,Start Correction Trial,,15,0,,,,,,,,,,
2886.07,16,Variable Event,Correction_Trial,,15,1,Value,1,,,,,,,,
2886.07,21,Group Change Event,Group Change,,15,1,New Group,16,,,,,,,,
2887.007,38,Input Transition On Event,FIRBeam #1,,16,0,,,,,,,,,,
2887.354,39,Input Transition Off Event,FIRBeam #1,,16,0,,,,,,,,,,
2887.482,38,Input Transition On Event,BIRBeam #1,,16,0,,,,,,,,,,
2888.536,39,Input Transition Off Event,BIRBeam #1,,16,0,,,,,,,,,,
2890.473,38,Input Transition On Event,FIRBeam #1,,16,0,,,,,,,,,,
2893.493,39,Input Transition Off Event,FIRBeam #1,,16,0,,,,,,,,,,
2895.613,38,Input Transition On Event,FIRBeam #1,,16,0,,,,,,,,,,
2895.837,39,Input Transition Off Event,FIRBeam #1,,16,0,,,,,,,,,,
2896.103,38,Input Transition On Event,BIRBeam #1,,16,0,,,,,,,,,,
2896.333,39,Input Transition Off Event,BIRBeam #1,,16,0,,,,,,,,,,
2897.601,38,Input Transition On Event,BIRBeam #1,,16,0,,,,,,,,,,
2899.613,39,Input Transition Off Event,BIRBeam #1,,16,0,,,,,,,,,,
2901.301,38,Input Transition On Event,FIRBeam #1,,16,0,,,,,,,,,,
2901.731,39,Input Transition Off Event,FIRBeam #1,,16,0,,,,,,,,,,
2905.564,30,Touch Down Event,Bussey Mouse Operant Mode 3 x 1 x low,,16,4,Position,1,Image 1,0,CoordX,53,CoordY,118,,
2909.578,31,Touch Up Event,Bussey Mouse Operant Mode 3 x 1 x low,,16,4,Position,1,Image 1,0,CoordX,53,CoordY,118,,
2911.516,30,Touch Down Event,Bussey Mouse Operant Mode 3 x 1 x low,,16,4,Position,1,Image 1,0,CoordX,53,CoordY,135,,
2911.573,31,Touch Up Event,Bussey Mouse Operant Mode 3 x 1 x low,,16,4,Position,1,Image 1,0,CoordX,37,CoordY,174,,
2912.538,38,Input Transition On Event,FIRBeam #1,,16,0,,,,,,,,,,
2915.149,39,Input Transition Off Event,FIRBeam #1,,16,0,,,,,,,,,,
2915.692,30,Touch Down Event,Bussey Mouse Operant Mode 3 x 1 x low,,16,4,Position,2,Image 1,0,CoordX,134,CoordY,80,,
2915.906,31,Touch Up Event,Bussey Mouse Operant Mode 3 x 1 x low,,16,4,Position,2,Image 1,0,CoordX,134,CoordY,80,,
2916.205,30,Touch Down Event,Bussey Mouse Operant Mode 3 x 1 x low,,16,4,Position,2,Image 1,0,CoordX,81,CoordY,80,,
2916.264,31,Touch Up Event,Bussey Mouse Operant Mode 3 x 1 x low,,16,4,Position,2,Image 1,0,CoordX,81,CoordY,80,,
2916.264,30,Touch Down Event,Bussey Mouse Operant Mode 3 x 1 x low,,16,4,Position,2,Image 1,0,CoordX,63,CoordY,80,,
2916.282,31,Touch Up Event,Bussey Mouse Operant Mode 3 x 1 x low,,16,4,Position,2,Image 1,0,CoordX,63,CoordY,80,,
2917.541,30,Touch Down Event,Bussey Mouse Operant Mode 3 x 1 x low,,16,4,Position,2,Image 1,0,CoordX,152,CoordY,168,,
2917.695,31,Touch Up Event,Bussey Mouse Operant Mode 3 x 1 x low,,16,4,Position,2,Image 1,0,CoordX,152,CoordY,193,,
2920.68,38,Input Transition On Event,FIRBeam #1,,16,0,,,,,,,,,,
2920.949,39,Input Transition Off Event,FIRBeam #1,,16,0,,,,,,,,,,
2921.227,38,Input Transition On Event,BIRBeam #1,,16,0,,,,,,,,,,
2921.583,39,Input Transition Off Event,BIRBeam #1,,16,0,,,,,,,,,,
2922.401,38,Input Transition On Event,BIRBeam #1,,16,0,,,,,,,,,,
2922.846,38,Input Transition On Event,Tray #1,,16,0,,,,,,,,,,
2922.846,1,Condition Event,Tray Entry Noted,,16,0,,,,,,,,,,
2922.846,4,Output Off Event,TrayLight #1,,16,0,,,,,,,,,,
2922.846,4,Output Off Event,Sound #1,,16,0,,,,,,,,,,
2922.846,4,Output Off Event,Sound #2,,16,0,,,,,,,,,,
2922.846,4,Output Off Event,Sound #3,,16,0,,,,,,,,,,
2922.846,7,Pulse Output Event,Sound_On #1,,16,1,Duration,0,,,,,,,,
2922.846,21,Group Change Event,Group Change,,16,1,New Group,17,,,,,,,,
2924.033,39,Input Transition Off Event,Tray #1,,17,0,,,,,,,,,,
2924.033,1,Condition Event,Tray Exit Starts Correction Trial,,17,0,,,,,,,,,,
2924.033,16,Variable Event,Total_No_Correction_Trials,,17,1,Value,45,,,,,,,,
2924.033,21,Group Change Event,Group Change,,17,1,New Group,6,,,,,,,,
2924.033,1,Condition Event,Display Images,,6,0,,,,,,,,,,
2924.033,32,Whisker - Display Image,Bussey Mouse Operant Mode 3 x 1 x low,Images,6,2,Position,1,Image 1,0,,,,,,
2924.033,32,Whisker - Display Image,Bussey Mouse Operant Mode 3 x 1 x low,Images,6,2,Position,2,Image 3,2,,,,,,
2924.033,21,Group Change Event,Group Change,,6,1,New Group,7,,,,,,,,
2925.302,39,Input Transition Off Event,BIRBeam #1,,7,0,,,,,,,,,,
2925.504,38,Input Transition On Event,FIRBeam #1,,7,0,,,,,,,,,,
2926.31,39,Input Transition Off Event,FIRBeam #1,,7,0,,,,,,,,,,
2926.578,30,Touch Down Event,Bussey Mouse Operant Mode 3 x 1 x low,,7,4,Position,2,Image 3,2,CoordX,166,CoordY,193,,
2926.578,1,Condition Event,Incorrect,,7,0,,,,,,,,,,
2926.578,32,Whisker - Display Image,Bussey Mouse Operant Mode 3 x 1 x low,Background,7,2,Position,1,Image 1,0,,,,,,
2926.578,32,Whisker - Display Image,Bussey Mouse Operant Mode 3 x 1 x low,Background,7,2,Position,2,Image 1,0,,,,,,
2926.578,3,Output On Event,Sound #1,,7,0,,,,,,,,,,
2926.578,3,Output On Event,Sound #2,,7,0,,,,,,,,,,
2926.578,3,Output On Event,Sound #3,,7,0,,,,,,,,,,
2926.578,7,Pulse Output Event,Sound_On #1,,7,1,Duration,0,,,,,,,,
2926.578,29,Timer Event,Time_Out_Timer,,7,1,Value,0,,,,,,,,
2926.578,21,Group Change Event,Group Change,,7,1,New Group,10,,,,,,,,
2926.579,1,Condition Event,TO Houselight On,,10,0,,,,,,,,,,
2926.579,3,Output On Event,HouseLight #1,,10,0,,,,,,,,,,
2926.579,21,Group Change Event,Group Change,,10,1,New Group,11,,,,,,,,
2926.579,1,Condition Event,Sequential Correction Trials,,11,0,,,,,,,,,,
2926.579,16,Variable Event,Sequential_Correction_Trials,,11,1,Value,10,,,,,,,,
2926.579,16,Variable Event,Increment_this_trial,,11,1,Value,0,,,,,,,,
2926.579,21,Group Change Event,Group Change,,11,1,New Group,12,,,,,,,,
2926.579,1,Condition Event,Incorrect Trails to Correction Trial,,12,0,,,,,,,,,,
2926.579,16,Variable Event,Correction_Counter,,12,1,Value,11,,,,,,,,
2926.579,21,Group Change Event,Group Change,,12,1,New Group,18,,,,,,,,
2926.579,1,Condition Event,Change ITI time,,18,0,,,,,,,,,,
2926.579,16,Variable Event,ITI,,18,1,Value,20,,,,,,,,
2926.579,21,Group Change Event,Group Change,,18,1,New Group,13,,,,,,,,
2926.713,31,Touch Up Event,Bussey Mouse Operant Mode 3 x 1 x low,,13,4,Position,2,Image 1,0,CoordX,99,CoordY,212,,
2926.772,30,Touch Down Event,Bussey Mouse Operant Mode 3 x 1 x low,,13,4,Position,2,Image 1,0,CoordX,81,CoordY,212,,
2927.029,31,Touch Up Event,Bussey Mouse Operant Mode 3 x 1 x low,,13,4,Position,2,Image 1,0,CoordX,63,CoordY,212,,
2927.088,30,Touch Down Event,Bussey Mouse Operant Mode 3 x 1 x low,,13,4,Position,2,Image 1,0,CoordX,81,CoordY,154,,
2927.127,31,Touch Up Event,Bussey Mouse Operant Mode 3 x 1 x low,,13,4,Position,2,Image 1,0,CoordX,81,CoordY,154,,
2927.367,30,Touch Down Event,Bussey Mouse Operant Mode 3 x 1 x low,,13,4,Position,2,Image 1,0,CoordX,63,CoordY,118,,
2927.674,31,Touch Up Event,Bussey Mouse Operant Mode 3 x 1 x low,,13,4,Position,2,Image 1,0,CoordX,49,CoordY,118,,
2927.771,38,Input Transition On Event,FIRBeam #1,,13,0,,,,,,,,,,
2929.69,39,Input Transition Off Event,FIRBeam #1,,13,0,,,,,,,,,,
2930.274,30,Touch Down Event,Bussey Mouse Operant Mode 3 x 1 x low,,13,4,Position,1,Image 1,0,CoordX,173,CoordY,80,,
2930.37,31,Touch Up Event,Bussey Mouse Operant Mode 3 x 1 x low,,13,4,Position,1,Image 1,0,CoordX,155,CoordY,80,,
2930.802,30,Touch Down Event,Bussey Mouse Operant Mode 3 x 1 x low,,13,4,Position,1,Image 1,0,CoordX,155,CoordY,193,,
2931.236,31,Touch Up Event,Bussey Mouse Operant Mode 3 x 1 x low,,13,4,Position,1,Image 1,0,CoordX,103,CoordY,118,,
2931.515,30,Touch Down Event,Bussey Mouse Operant Mode 3 x 1 x low,,13,4,Position,0,(NoImageOrVideo),-1,CoordX,146,CoordY,575,,
2931.578,1,Condition Event,Time Out End,,13,0,,,,,,,,,,
2931.578,29,Timer Event,ITI_Timer,,13,1,Value,0,,,,,,,,
2931.578,21,Group Change Event,Group Change,,13,1,New Group,14,,,,,,,,
2931.579,1,Condition Event,Reset Houselight off,,14,0,,,,,,,,,,
2931.579,4,Output Off Event,HouseLight #1,,14,0,,,,,,,,,,
2931.579,21,Group Change Event,Group Change,,14,1,New Group,9,,,,,,,,
2931.747,31,Touch Up Event,Bussey Mouse Operant Mode 3 x 1 x low,,9,4,Position,0,(NoImageOrVideo),-1,CoordX,146,CoordY,575,,
2931.966,30,Touch Down Event,Bussey Mouse Operant Mode 3 x 1 x low,,9,4,Position,0,(NoImageOrVideo),-1,CoordX,96,CoordY,575,,
2932.761,31,Touch Up Event,Bussey Mouse Operant Mode 3 x 1 x low,,9,4,Position,1,Image 1,0,CoordX,18,CoordY,159,,
2932.801,30,Touch Down Event,Bussey Mouse Operant Mode 3 x 1 x low,,9,4,Position,1,Image 1,0,CoordX,18,CoordY,80,,
2932.802,1,Condition Event,Left Screen Touches,,9,0,,,,,,,,,,
2932.802,16,Variable Event,Left_Touches_during_ITI,,9,1,Value,87,,,,,,,,
2932.802,61,Group Maintain Event,Group Change,,9,1,New Group,9,,,,,,,,
2932.861,31,Touch Up Event,Bussey Mouse Operant Mode 3 x 1 x low,,9,4,Position,1,Image 1,0,CoordX,18,CoordY,80,,
2933.059,30,Touch Down Event,Bussey Mouse Operant Mode 3 x 1 x low,,9,4,Position,1,Image 1,0,CoordX,53,CoordY,80,,
2933.06,1,Condition Event,Left Screen Touches,,9,0,,,,,,,,,,
2933.06,16,Variable Event,Left_Touches_during_ITI,,9,1,Value,88,,,,,,,,
2933.06,61,Group Maintain Event,Group Change,,9,1,New Group,9,,,,,,,,
2933.292,31,Touch Up Event,Bussey Mouse Operant Mode 3 x 1 x low,,9,4,Position,1,Image 1,0,CoordX,53,CoordY,61,,
2934.171,30,Touch Down Event,Bussey Mouse Operant Mode 3 x 1 x low,,9,4,Position,1,Image 1,0,CoordX,103,CoordY,118,,
2934.172,1,Condition Event,Left Screen Touches,,9,0,,,,,,,,,,
2934.172,16,Variable Event,Left_Touches_during_ITI,,9,1,Value,89,,,,,,,,
2934.172,61,Group Maintain Event,Group Change,,9,1,New Group,9,,,,,,,,
2934.461,31,Touch Up Event,Bussey Mouse Operant Mode 3 x 1 x low,,9,4,Position,1,Image 1,0,CoordX,103,CoordY,154,,
2935.992,38,Input Transition On Event,FIRBeam #1,,9,0,,,,,,,,,,
2936.265,39,Input Transition Off Event,FIRBeam #1,,9,0,,,,,,,,,,
2936.699,30,Touch Down Event,Bussey Mouse Operant Mode 3 x 1 x low,,9,4,Position,1,Image 1,0,CoordX,103,CoordY,154,,
2936.7,1,Condition Event,Left Screen Touches,,9,0,,,,,,,,,,
2936.7,16,Variable Event,Left_Touches_during_ITI,,9,1,Value,90,,,,,,,,
2936.7,61,Group Maintain Event,Group Change,,9,1,New Group,9,,,,,,,,
2936.894,31,Touch Up Event,Bussey Mouse Operant Mode 3 x 1 x low,,9,4,Position,1,Image 1,0,CoordX,78,CoordY,62,,
2937.013,30,Touch Down Event,Bussey Mouse Operant Mode 3 x 1 x low,,9,4,Position,1,Image 1,0,CoordX,43,CoordY,41,,
2937.014,1,Condition Event,Left Screen Touches,,9,0,,,,,,,,,,
2937.014,16,Variable Event,Left_Touches_during_ITI,,9,1,Value,91,,,,,,,,
2937.014,61,Group Maintain Event,Group Change,,9,1,New Group,9,,,,,,,,
2937.381,31,Touch Up Event,Bussey Mouse Operant Mode 3 x 1 x low,,9,4,Position,1,Image 1,0,CoordX,53,CoordY,80,,
2937.441,30,Touch Down Event,Bussey Mouse Operant Mode 3 x 1 x low,,9,4,Position,1,Image 1,0,CoordX,53,CoordY,99,,
2937.442,1,Condition Event,Left Screen Touches,,9,0,,,,,,,,,,
2937.442,16,Variable Event,Left_Touches_during_ITI,,9,1,Value,92,,,,,,,,
2937.442,61,Group Maintain Event,Group Change,,9,1,New Group,9,,,,,,,,
2937.657,31,Touch Up Event,Bussey Mouse Operant Mode 3 x 1 x low,,9,4,Position,1,Image 1,0,CoordX,53,CoordY,99,,
2937.756,30,Touch Down Event,Bussey Mouse Operant Mode 3 x 1 x low,,9,4,Position,1,Image 1,0,CoordX,53,CoordY,80,,
2937.757,1,Condition Event,Left Screen Touches,,9,0,,,,,,,,,,
2937.757,16,Variable Event,Left_Touches_during_ITI,,9,1,Value,93,,,,,,,,
2937.757,61,Group Maintain Event,Group Change,,9,1,New Group,9,,,,,,,,
2937.912,31,Touch Up Event,Bussey Mouse Operant Mode 3 x 1 x low,,9,4,Position,1,Image 1,0,CoordX,53,CoordY,80,,
2938.212,30,Touch Down Event,Bussey Mouse Operant Mode 3 x 1 x low,,9,4,Position,1,Image 1,0,CoordX,53,CoordY,66,,
2938.213,1,Condition Event,Left Screen Touches,,9,0,,,,,,,,,,
2938.213,16,Variable Event,Left_Touches_during_ITI,,9,1,Value,94,,,,,,,,
2938.213,61,Group Maintain Event,Group Change,,9,1,New Group,9,,,,,,,,
2940.633,31,Touch Up Event,Bussey Mouse Operant Mode 3 x 1 x low,,9,4,Position,1,Image 1,0,CoordX,192,CoordY,223,,
2941.922,38,Input Transition On Event,FIRBeam #1,,9,0,,,,,,,,,,
2942.613,30,Touch Down Event,Bussey Mouse Operant Mode 3 x 1 x low,,9,4,Position,2,Image 1,0,CoordX,49,CoordY,212,,
2942.613,1,Condition Event,Centre Screen Touches,,9,0,,,,,,,,,,
2942.613,16,Variable Event,Centre_Touches_during_ITI,,9,1,Value,49,,,,,,,,
2942.613,61,Group Maintain Event,Group Change,,9,1,New Group,9,,,,,,,,
2942.849,31,Touch Up Event,Bussey Mouse Operant Mode 3 x 1 x low,,9,4,Position,2,Image 1,0,CoordX,49,CoordY,212,,
2943.681,39,Input Transition Off Event,FIRBeam #1,,9,0,,,,,,,,,,
2944.489,30,Touch Down Event,Bussey Mouse Operant Mode 3 x 1 x low,,9,4,Position,3,Image 1,0,CoordX,114,CoordY,109,,
2944.489,1,Condition Event,Right Screen Touches,,9,0,,,,,,,,,,
2944.489,16,Variable Event,Right_touches_during_ITI,,9,1,Value,42,,,,,,,,
2944.489,61,Group Maintain Event,Group Change,,9,1,New Group,9,,,,,,,,
2945.109,31,Touch Up Event,Bussey Mouse Operant Mode 3 x 1 x low,,9,4,Position,3,Image 1,0,CoordX,114,CoordY,99,,
2945.129,30,Touch Down Event,Bussey Mouse Operant Mode 3 x 1 x low,,9,4,Position,3,Image 1,0,CoordX,43,CoordY,99,,
2945.129,1,Condition Event,Right Screen Touches,,9,0,,,,,,,,,,
2945.129,16,Variable Event,Right_touches_during_ITI,,9,1,Value,43,,,,,,,,
2945.129,61,Group Maintain Event,Group Change,,9,1,New Group,9,,,,,,,,
2945.187,31,Touch Up Event,Bussey Mouse Operant Mode 3 x 1 x low,,9,4,Position,3,Image 1,0,CoordX,43,CoordY,99,,
2945.407,30,Touch Down Event,Bussey Mouse Operant Mode 3 x 1 x low,,9,4,Position,2,Image 1,0,CoordX,184,CoordY,154,,
2945.407,1,Condition Event,Centre Screen Touches,,9,0,,,,,,,,,,
2945.407,16,Variable Event,Centre_Touches_during_ITI,,9,1,Value,50,,,,,,,,
2945.407,61,Group Maintain Event,Group Change,,9,1,New Group,9,,,,,,,,
2945.447,31,Touch Up Event,Bussey Mouse Operant Mode 3 x 1 x low,,9,4,Position,2,Image 1,0,CoordX,184,CoordY,154,,
2945.467,30,Touch Down Event,Bussey Mouse Operant Mode 3 x 1 x low,,9,4,Position,2,Image 1,0,CoordX,166,CoordY,174,,
2945.467,1,Condition Event,Centre Screen Touches,,9,0,,,,,,,,,,
2945.467,16,Variable Event,Centre_Touches_during_ITI,,9,1,Value,51,,,,,,,,
2945.467,61,Group Maintain Event,Group Change,,9,1,New Group,9,,,,,,,,
2946.169,31,Touch Up Event,Bussey Mouse Operant Mode 3 x 1 x low,,9,4,Position,2,Image 1,0,CoordX,134,CoordY,75,,
2946.169,30,Touch Down Event,Bussey Mouse Operant Mode 3 x 1 x low,,9,4,Position,2,Image 1,0,CoordX,116,CoordY,148,,
2946.169,1,Condition Event,Centre Screen Touches,,9,0,,,,,,,,,,
2946.169,16,Variable Event,Centre_Touches_during_ITI,,9,1,Value,52,,,,,,,,
2946.169,61,Group Maintain Event,Group Change,,9,1,New Group,9,,,,,,,,
2946.306,31,Touch Up Event,Bussey Mouse Operant Mode 3 x 1 x low,,9,4,Position,2,Image 1,0,CoordX,99,CoordY,154,,
2946.644,30,Touch Down Event,Bussey Mouse Operant Mode 3 x 1 x low,,9,4,Position,0,(NoImageOrVideo),-1,CoordX,163,CoordY,555,,
2946.704,31,Touch Up Event,Bussey Mouse Operant Mode 3 x 1 x low,,9,4,Position,0,(NoImageOrVideo),-1,CoordX,163,CoordY,555,,
2947.451,38,Input Transition On Event,FIRBeam #1,,9,0,,,,,,,,,,
2949.046,39,Input Transition Off Event,FIRBeam #1,,9,0,,,,,,,,,,
2949.348,38,Input Transition On Event,FIRBeam #1,,9,0,,,,,,,,,,
2949.824,39,Input Transition Off Event,FIRBeam #1,,9,0,,,,,,,,,,
2951.179,30,Touch Down Event,Bussey Mouse Operant Mode 3 x 1 x low,,9,4,Position,3,Image 1,0,CoordX,78,CoordY,154,,
2951.179,1,Condition Event,Right Screen Touches,,9,0,,,,,,,,,,
2951.179,16,Variable Event,Right_touches_during_ITI,,9,1,Value,44,,,,,,,,
2951.179,61,Group Maintain Event,Group Change,,9,1,New Group,9,,,,,,,,
2951.296,31,Touch Up Event,Bussey Mouse Operant Mode 3 x 1 x low,,9,4,Position,3,Image 1,0,CoordX,78,CoordY,154,,
2951.578,1,Condition Event,Next trial,,9,0,,,,,,,,,,
2951.578,3,Output On Event,TrayLight #1,,9,0,,,,,,,,,,
2951.578,16,Variable Event,First_Trial,,9,1,Value,0,,,,,,,,
2951.578,16,Variable Event,First_Analysis,,9,1,Value,1,,,,,,,,
2951.578,16,Variable Event,ITI,,9,1,Value,20,,,,,,,,
2951.578,21,Group Change Event,Group Change,,9,1,New Group,15,,,,,,,,
2951.579,1,Condition Event,Start Correction Trial,,15,0,,,,,,,,,,
2951.579,16,Variable Event,Correction_Trial,,15,1,Value,1,,,,,,,,
2951.579,21,Group Change Event,Group Change,,15,1,New Group,16,,,,,,,,
2953.388,38,Input Transition On Event,FIRBeam #1,,16,0,,,,,,,,,,
2954.312,39,Input Transition Off Event,FIRBeam #1,,16,0,,,,,,,,,,
2954.481,38,Input Transition On Event,BIRBeam #1,,16,0,,,,,,,,,,
2955.187,39,Input Transition Off Event,BIRBeam #1,,16,0,,,,,,,,,,
2955.893,38,Input Transition On Event,FIRBeam #1,,16,0,,,,,,,,,,
2959.951,39,Input Transition Off Event,FIRBeam #1,,16,0,,,,,,,,,,
2960.828,38,Input Transition On Event,BIRBeam #1,,16,0,,,,,,,,,,
2964.947,39,Input Transition Off Event,BIRBeam #1,,16,0,,,,,,,,,,
2968.273,38,Input Transition On Event,FIRBeam #1,,16,0,,,,,,,,,,
2969.791,39,Input Transition Off Event,FIRBeam #1,,16,0,,,,,,,,,,
2972.837,30,Touch Down Event,Bussey Mouse Operant Mode 3 x 1 x low,,16,4,Position,2,Image 1,0,CoordX,63,CoordY,212,,
2973.025,31,Touch Up Event,Bussey Mouse Operant Mode 3 x 1 x low,,16,4,Position,2,Image 1,0,CoordX,63,CoordY,193,,
2975.786,38,Input Transition On Event,FIRBeam #1,,16,0,,,,,,,,,,
2980.245,39,Input Transition Off Event,FIRBeam #1,,16,0,,,,,,,,,,
2980.787,38,Input Transition On Event,FIRBeam #1,,16,0,,,,,,,,,,
2982.836,39,Input Transition Off Event,FIRBeam #1,,16,0,,,,,,,,,,
2982.895,30,Touch Down Event,Bussey Mouse Operant Mode 3 x 1 x low,,16,4,Position,2,Image 1,0,CoordX,134,CoordY,80,,
2983.072,31,Touch Up Event,Bussey Mouse Operant Mode 3 x 1 x low,,16,4,Position,2,Image 1,0,CoordX,134,CoordY,80,,
2983.131,38,Input Transition On Event,FIRBeam #1,,16,0,,,,,,,,,,
2983.536,39,Input Transition Off Event,FIRBeam #1,,16,0,,,,,,,,,,
2984.249,38,Input Transition On Event,BIRBeam #1,,16,0,,,,,,,,,,
2986.329,38,Input Transition On Event,Tray #1,,16,0,,,,,,,,,,
2986.33,1,Condition Event,Tray Entry Noted,,16,0,,,,,,,,,,
2986.33,4,Output Off Event,TrayLight #1,,16,0,,,,,,,,,,
2986.33,4,Output Off Event,Sound #1,,16,0,,,,,,,,,,
2986.33,4,Output Off Event,Sound #2,,16,0,,,,,,,,,,
2986.33,4,Output Off Event,Sound #3,,16,0,,,,,,,,,,
2986.33,7,Pulse Output Event,Sound_On #1,,16,1,Duration,0,,,,,,,,
2986.33,21,Group Change Event,Group Change,,16,1,New Group,17,,,,,,,,
2986.986,39,Input Transition Off Event,Tray #1,,17,0,,,,,,,,,,
2986.986,1,Condition Event,Tray Exit Starts Correction Trial,,17,0,,,,,,,,,,
2986.986,16,Variable Event,Total_No_Correction_Trials,,17,1,Value,46,,,,,,,,
2986.986,21,Group Change Event,Group Change,,17,1,New Group,6,,,,,,,,
2986.986,1,Condition Event,Display Images,,6,0,,,,,,,,,,
2986.986,32,Whisker - Display Image,Bussey Mouse Operant Mode 3 x 1 x low,Images,6,2,Position,1,Image 1,0,,,,,,
2986.986,32,Whisker - Display Image,Bussey Mouse Operant Mode 3 x 1 x low,Images,6,2,Position,2,Image 3,2,,,,,,
2986.986,21,Group Change Event,Group Change,,6,1,New Group,7,,,,,,,,
2987.415,39,Input Transition Off Event,BIRBeam #1,,7,0,,,,,,,,,,
2987.643,38,Input Transition On Event,FIRBeam #1,,7,0,,,,,,,,,,
2988.076,39,Input Transition Off Event,FIRBeam #1,,7,0,,,,,,,,,,
2989.09,30,Touch Down Event,Bussey Mouse Operant Mode 3 x 1 x low,,7,4,Position,1,Image 1,0,CoordX,71,CoordY,163,,
2989.09,1,Condition Event,Correct,,7,0,,,,,,,,,,
2989.09,32,Whisker - Display Image,Bussey Mouse Operant Mode 3 x 1 x low,Background,7,2,Position,1,Image 1,0,,,,,,
2989.09,32,Whisker - Display Image,Bussey Mouse Operant Mode 3 x 1 x low,Background,7,2,Position,2,Image 1,0,,,,,,
2989.09,7,Pulse Output Event,Feeder #1,,7,1,Duration,0.28,,,,,,,,
2989.09,3,Output On Event,TrayLight #1,,7,0,,,,,,,,,,
2989.09,16,Variable Event,Correction_Counter,,7,1,Value,0,,,,,,,,
2989.09,21,Group Change Event,Group Change,,7,1,New Group,19,,,,,,,,
2989.09,1,Condition Event,Reset Sound Levels to Zero,,19,0,,,,,,,,,,
2989.09,4,Output Off Event,Sound #1,,19,0,,,,,,,,,,
2989.09,4,Output Off Event,Sound #2,,19,0,,,,,,,,,,
2989.09,4,Output Off Event,Sound #3,,19,0,,,,,,,,,,
2989.09,21,Group Change Event,Group Change,,19,1,New Group,20,,,,,,,,
2989.09,1,Condition Event,Adjust Sound Level 2,,20,0,,,,,,,,,,
2989.09,3,Output On Event,Sound #2,,20,0,,,,,,,,,,
2989.09,1,Condition Event,NoTone Fall Through,,20,0,,,,,,,,,,
2989.09,21,Group Change Event,Group Change,,20,1,New Group,21,,,,,,,,
2989.09,1,Condition Event,Play Tone,,21,0,,,,,,,,,,
2989.09,7,Pulse Output Event,Sound_On #1,,21,1,Duration,1,,,,,,,,
2989.09,21,Group Change Event,Group Change,,21,1,New Group,8,,,,,,,,
2989.09,1,Condition Event,Reset Correction Flag,,8,0,,,,,,,,,,
2989.09,16,Variable Event,Sequential_Correction_Trials,,8,1,Value,0,,,,,,,,
2989.09,16,Variable Event,Correction_Trial_Correct_Counter,,8,1,Value,7,,,,,,,,
2989.09,16,Variable Event,First_Analysis,,8,1,Value,0,,,,,,,,
2989.09,61,Group Maintain Event,Group Change,,8,1,New Group,8,,,,,,,,
2989.283,31,Touch Up Event,Bussey Mouse Operant Mode 3 x 1 x low,,8,4,Position,1,Image 1,0,CoordX,85,CoordY,140,,
2989.775,38,Input Transition On Event,FIRBeam #1,,8,0,,,,,,,,,,
2990.027,39,Input Transition Off Event,FIRBeam #1,,8,0,,,,,,,,,,
2990.25,38,Input Transition On Event,BIRBeam #1,,8,0,,,,,,,,,,
2990.603,38,Input Transition On Event,Tray #1,,8,0,,,,,,,,,,
2990.603,1,Condition Event,Reward Collected Start ITI,,8,0,,,,,,,,,,
2990.603,4,Output Off Event,TrayLight #1,,8,0,,,,,,,,,,
2990.603,29,Timer Event,ITI_Timer,,8,1,Value,0,,,,,,,,
2990.603,21,Group Change Event,Group Change,,8,1,New Group,9,,,,,,,,
2994.752,39,Input Transition Off Event,Tray #1,,9,0,,,,,,,,,,
2995.593,39,Input Transition Off Event,BIRBeam #1,,9,0,,,,,,,,,,
2996.262,38,Input Transition On Event,FIRBeam #1,,9,0,,,,,,,,,,
2997.06,39,Input Transition Off Event,FIRBeam #1,,9,0,,,,,,,,,,
2997.155,38,Input Transition On Event,FIRBeam #1,,9,0,,,,,,,,,,
2997.496,39,Input Transition Off Event,FIRBeam #1,,9,0,,,,,,,,,,
2997.611,38,Input Transition On Event,FIRBeam #1,,9,0,,,,,,,,,,
3000.673,39,Input Transition Off Event,FIRBeam #1,,9,0,,,,,,,,,,
3000.836,38,Input Transition On Event,FIRBeam #1,,9,0,,,,,,,,,,
3008.434,39,Input Transition Off Event,FIRBeam #1,,9,0,,,,,,,,,,
3008.98,38,Input Transition On Event,FIRBeam #1,,9,0,,,,,,,,,,
3009.904,39,Input Transition Off Event,FIRBeam #1,,9,0,,,,,,,,,,
3010.542,38,Input Transition On Event,FIRBeam #1,,9,0,,,,,,,,,,
3010.603,1,Condition Event,Next trial,,9,0,,,,,,,,,,
3010.603,3,Output On Event,TrayLight #1,,9,0,,,,,,,,,,
3010.603,16,Variable Event,First_Trial,,9,1,Value,0,,,,,,,,
3010.603,16,Variable Event,First_Analysis,,9,1,Value,1,,,,,,,,
3010.603,16,Variable Event,ITI,,9,1,Value,20,,,,,,,,
3010.603,21,Group Change Event,Group Change,,9,1,New Group,15,,,,,,,,
3010.603,1,Condition Event,Next trial non corrected Trial,,15,0,,,,,,,,,,
3010.603,19,List Change - Next Value,Trial_Type,,15,2,Index,28,Value,5,,,,,,
3010.603,21,Group Change Event,Group Change,,15,1,New Group,3,,,,,,,,
3010.638,30,Touch Down Event,Bussey Mouse Operant Mode 3 x 1 x low,,3,4,Position,2,Image 1,0,CoordX,99,CoordY,154,,
3010.757,31,Touch Up Event,Bussey Mouse Operant Mode 3 x 1 x low,,3,4,Position,2,Image 1,0,CoordX,99,CoordY,154,,
3012.094,39,Input Transition Off Event,FIRBeam #1,,3,0,,,,,,,,,,
3013.117,30,Touch Down Event,Bussey Mouse Operant Mode 3 x 1 x low,,3,4,Position,3,Image 1,0,CoordX,43,CoordY,99,,
3013.156,31,Touch Up Event,Bussey Mouse Operant Mode 3 x 1 x low,,3,4,Position,3,Image 1,0,CoordX,43,CoordY,99,,
3013.456,30,Touch Down Event,Bussey Mouse Operant Mode 3 x 1 x low,,3,4,Position,3,Image 1,0,CoordX,61,CoordY,189,,
3013.591,31,Touch Up Event,Bussey Mouse Operant Mode 3 x 1 x low,,3,4,Position,3,Image 1,0,CoordX,28,CoordY,174,,
3014.06,38,Input Transition On Event,FIRBeam #1,,3,0,,,,,,,,,,
3014.367,39,Input Transition Off Event,FIRBeam #1,,3,0,,,,,,,,,,
3014.567,38,Input Transition On Event,BIRBeam #1,,3,0,,,,,,,,,,
3015.009,39,Input Transition Off Event,BIRBeam #1,,3,0,,,,,,,,,,
3016.608,38,Input Transition On Event,FIRBeam #1,,3,0,,,,,,,,,,
3017.283,39,Input Transition Off Event,FIRBeam #1,,3,0,,,,,,,,,,
3017.985,30,Touch Down Event,Bussey Mouse Operant Mode 3 x 1 x low,,3,4,Position,1,Image 1,0,CoordX,53,CoordY,183,,
3018.178,31,Touch Up Event,Bussey Mouse Operant Mode 3 x 1 x low,,3,4,Position,1,Image 1,0,CoordX,53,CoordY,174,,
3020.852,30,Touch Down Event,Bussey Mouse Operant Mode 3 x 1 x low,,3,4,Position,1,Image 1,0,CoordX,138,CoordY,203,,
3020.871,31,Touch Up Event,Bussey Mouse Operant Mode 3 x 1 x low,,3,4,Position,1,Image 1,0,CoordX,138,CoordY,203,,
3021.051,30,Touch Down Event,Bussey Mouse Operant Mode 3 x 1 x low,,3,4,Position,1,Image 1,0,CoordX,138,CoordY,202,,
3021.107,31,Touch Up Event,Bussey Mouse Operant Mode 3 x 1 x low,,3,4,Position,1,Image 1,0,CoordX,144,CoordY,203,,
3021.166,30,Touch Down Event,Bussey Mouse Operant Mode 3 x 1 x low,,3,4,Position,1,Image 1,0,CoordX,145,CoordY,197,,
3022.022,31,Touch Up Event,Bussey Mouse Operant Mode 3 x 1 x low,,3,4,Position,0,(NoImageOrVideo),-1,CoordX,198,CoordY,555,,
3024.718,30,Touch Down Event,Bussey Mouse Operant Mode 3 x 1 x low,,3,4,Position,1,Image 1,0,CoordX,71,CoordY,118,,
3025.15,31,Touch Up Event,Bussey Mouse Operant Mode 3 x 1 x low,,3,4,Position,1,Image 1,0,CoordX,71,CoordY,99,,
3025.29,30,Touch Down Event,Bussey Mouse Operant Mode 3 x 1 x low,,3,4,Position,1,Image 1,0,CoordX,103,CoordY,123,,
3025.387,31,Touch Up Event,Bussey Mouse Operant Mode 3 x 1 x low,,3,4,Position,1,Image 1,0,CoordX,155,CoordY,174,,
3025.527,30,Touch Down Event,Bussey Mouse Operant Mode 3 x 1 x low,,3,4,Position,1,Image 1,0,CoordX,120,CoordY,154,,
3025.567,31,Touch Up Event,Bussey Mouse Operant Mode 3 x 1 x low,,3,4,Position,1,Image 1,0,CoordX,120,CoordY,154,,
3027.341,38,Input Transition On Event,FIRBeam #1,,3,0,,,,,,,,,,
3028.572,39,Input Transition Off Event,FIRBeam #1,,3,0,,,,,,,,,,
3029.203,38,Input Transition On Event,FIRBeam #1,,3,0,,,,,,,,,,
3030.411,39,Input Transition Off Event,FIRBeam #1,,3,0,,,,,,,,,,
3030.591,38,Input Transition On Event,BIRBeam #1,,3,0,,,,,,,,,,
3031.271,39,Input Transition Off Event,BIRBeam #1,,3,0,,,,,,,,,,
3031.981,38,Input Transition On Event,FIRBeam #1,,3,0,,,,,,,,,,
3032.776,39,Input Transition Off Event,FIRBeam #1,,3,0,,,,,,,,,,
3033.189,38,Input Transition On Event,FIRBeam #1,,3,0,,,,,,,,,,
3033.364,39,Input Transition Off Event,FIRBeam #1,,3,0,,,,,,,,,,
3033.55,38,Input Transition On Event,FIRBeam #1,,3,0,,,,,,,,,,
3033.824,39,Input Transition Off Event,FIRBeam #1,,3,0,,,,,,,,,,
3034.018,38,Input Transition On Event,BIRBeam #1,,3,0,,,,,,,,,,
3034.556,38,Input Transition On Event,Tray #1,,3,0,,,,,,,,,,
3034.556,1,Condition Event,Tray Entry no Increment Trial,,3,0,,,,,,,,,,
3034.556,4,Output Off Event,TrayLight #1,,3,0,,,,,,,,,,
3034.556,4,Output Off Event,Sound #1,,3,0,,,,,,,,,,
3034.556,4,Output Off Event,Sound #2,,3,0,,,,,,,,,,
3034.556,4,Output Off Event,Sound #3,,3,0,,,,,,,,,,
3034.556,7,Pulse Output Event,Sound_On #1,,3,1,Duration,0,,,,,,,,
3034.556,16,Variable Event,Correction_Trial,,3,1,Value,0,,,,,,,,
3034.556,21,Group Change Event,Group Change,,3,1,New Group,4,,,,,,,,
3034.587,39,Input Transition Off Event,Tray #1,,4,0,,,,,,,,,,
3034.587,1,Condition Event,Start Trial,,4,0,,,,,,,,,,
3034.587,16,Variable Event,Trial,,4,1,Value,5,,,,,,,,
3034.587,21,Group Change Event,Group Change,,4,1,New Group,5,,,,,,,,
3034.587,1,Condition Event,Set for Trial 5,,5,0,,,,,,,,,,
3034.587,16,Variable Event,Correct_Grid_Position,,5,1,Value,3,,,,,,,,
3034.587,16,Variable Event,Correct_Image,,5,1,Value,3,,,,,,,,
3034.587,16,Variable Event,Incorrect_Grid_Position,,5,1,Value,1,,,,,,,,
3034.587,16,Variable Event,Incorrect_Image,,5,1,Value,2,,,,,,,,
3034.587,21,Group Change Event,Group Change,,5,1,New Group,6,,,,,,,,
3034.587,1,Condition Event,Display Images,,6,0,,,,,,,,,,
3034.587,32,Whisker - Display Image,Bussey Mouse Operant Mode 3 x 1 x low,Images,6,2,Position,3,Image 3,2,,,,,,
3034.587,32,Whisker - Display Image,Bussey Mouse Operant Mode 3 x 1 x low,Images,6,2,Position,1,Image 2,1,,,,,,
3034.587,21,Group Change Event,Group Change,,6,1,New Group,7,,,,,,,,
3034.735,38,Input Transition On Event,Tray #1,,7,0,,,,,,,,,,
3035.366,39,Input Transition Off Event,Tray #1,,7,0,,,,,,,,,,
3035.91,39,Input Transition Off Event,BIRBeam #1,,7,0,,,,,,,,,,
3036.206,38,Input Transition On Event,FIRBeam #1,,7,0,,,,,,,,,,
3037.557,39,Input Transition Off Event,FIRBeam #1,,7,0,,,,,,,,,,
3037.733,30,Touch Down Event,Bussey Mouse Operant Mode 3 x 1 x low,,7,4,Position,3,Image 3,2,CoordX,78,CoordY,193,,
3037.733,1,Condition Event,Correct,,7,0,,,,,,,,,,
3037.733,32,Whisker - Display Image,Bussey Mouse Operant Mode 3 x 1 x low,Background,7,2,Position,3,Image 1,0,,,,,,
3037.733,32,Whisker - Display Image,Bussey Mouse Operant Mode 3 x 1 x low,Background,7,2,Position,1,Image 1,0,,,,,,
3037.733,7,Pulse Output Event,Feeder #1,,7,1,Duration,0.28,,,,,,,,
3037.733,3,Output On Event,TrayLight #1,,7,0,,,,,,,,,,
3037.733,16,Variable Event,Correction_Counter,,7,1,Value,0,,,,,,,,
3037.733,21,Group Change Event,Group Change,,7,1,New Group,19,,,,,,,,
3037.733,1,Condition Event,Reset Sound Levels to Zero,,19,0,,,,,,,,,,
3037.733,4,Output Off Event,Sound #1,,19,0,,,,,,,,,,
3037.733,4,Output Off Event,Sound #2,,19,0,,,,,,,,,,
3037.733,4,Output Off Event,Sound #3,,19,0,,,,,,,,,,
3037.733,21,Group Change Event,Group Change,,19,1,New Group,20,,,,,,,,
3037.733,1,Condition Event,Adjust Sound Level 2,,20,0,,,,,,,,,,
3037.733,3,Output On Event,Sound #2,,20,0,,,,,,,,,,
3037.733,1,Condition Event,NoTone Fall Through,,20,0,,,,,,,,,,
3037.733,21,Group Change Event,Group Change,,20,1,New Group,21,,,,,,,,
3037.733,1,Condition Event,Play Tone,,21,0,,,,,,,,,,
3037.733,7,Pulse Output Event,Sound_On #1,,21,1,Duration,1,,,,,,,,
3037.733,21,Group Change Event,Group Change,,21,1,New Group,8,,,,,,,,
3037.733,1,Condition Event,Increment counter,,8,0,,,,,,,,,,
3037.733,16,Variable Event,Correct_Counter,,8,1,Value,11,,,,,,,,
3037.733,16,Variable Event,First_Analysis,,8,1,Value,0,,,,,,,,
3037.733,61,Group Maintain Event,Group Change,,8,1,New Group,8,,,,,,,,
3037.963,31,Touch Up Event,Bussey Mouse Operant Mode 3 x 1 x low,,8,4,Position,3,Image 1,0,CoordX,43,CoordY,193,,
3037.991,38,Input Transition On Event,FIRBeam #1,,8,0,,,,,,,,,,
3038.195,39,Input Transition Off Event,FIRBeam #1,,8,0,,,,,,,,,,
3038.272,38,Input Transition On Event,FIRBeam #1,,8,0,,,,,,,,,,
3038.579,39,Input Transition Off Event,FIRBeam #1,,8,0,,,,,,,,,,
3038.751,38,Input Transition On Event,BIRBeam #1,,8,0,,,,,,,,,,
3038.991,38,Input Transition On Event,Tray #1,,8,0,,,,,,,,,,
3038.991,1,Condition Event,Reward Collected Start ITI,,8,0,,,,,,,,,,
3038.991,4,Output Off Event,TrayLight #1,,8,0,,,,,,,,,,
3038.991,29,Timer Event,ITI_Timer,,8,1,Value,0,,,,,,,,
3038.991,21,Group Change Event,Group Change,,8,1,New Group,9,,,,,,,,
3043.187,39,Input Transition Off Event,Tray #1,,9,0,,,,,,,,,,
3043.698,39,Input Transition Off Event,BIRBeam #1,,9,0,,,,,,,,,,
3044.083,38,Input Transition On Event,FIRBeam #1,,9,0,,,,,,,,,,
3046.798,39,Input Transition Off Event,FIRBeam #1,,9,0,,,,,,,,,,
3047.159,38,Input Transition On Event,FIRBeam #1,,9,0,,,,,,,,,,
3049.423,39,Input Transition Off Event,FIRBeam #1,,9,0,,,,,,,,,,
3050.715,38,Input Transition On Event,FIRBeam #1,,9,0,,,,,,,,,,
3050.887,39,Input Transition Off Event,FIRBeam #1,,9,0,,,,,,,,,,
3053.558,38,Input Transition On Event,FIRBeam #1,,9,0,,,,,,,,,,
3053.782,39,Input Transition Off Event,FIRBeam #1,,9,0,,,,,,,,,,
3054.927,38,Input Transition On Event,FIRBeam #1,,9,0,,,,,,,,,,
3056.038,39,Input Transition Off Event,FIRBeam #1,,9,0,,,,,,,,,,
3056.215,38,Input Transition On Event,BIRBeam #1,,9,0,,,,,,,,,,
3056.353,39,Input Transition Off Event,BIRBeam #1,,9,0,,,,,,,,,,
3058.934,38,Input Transition On Event,FIRBeam #1,,9,0,,,,,,,,,,
3058.991,1,Condition Event,Next trial,,9,0,,,,,,,,,,
3058.991,3,Output On Event,TrayLight #1,,9,0,,,,,,,,,,
3058.991,16,Variable Event,First_Trial,,9,1,Value,0,,,,,,,,
3058.991,16,Variable Event,First_Analysis,,9,1,Value,1,,,,,,,,
3058.991,16,Variable Event,ITI,,9,1,Value,20,,,,,,,,
3058.991,21,Group Change Event,Group Change,,9,1,New Group,15,,,,,,,,
3058.991,1,Condition Event,Next trial non corrected Trial,,15,0,,,,,,,,,,
3058.991,19,List Change - Next Value,Trial_Type,,15,2,Index,21,Value,4,,,,,,
3058.991,21,Group Change Event,Group Change,,15,1,New Group,3,,,,,,,,
3059.904,39,Input Transition Off Event,FIRBeam #1,,3,0,,,,,,,,,,
3060.107,38,Input Transition On Event,BIRBeam #1,,3,0,,,,,,,,,,
3060.521,38,Input Transition On Event,Tray #1,,3,0,,,,,,,,,,
3060.521,1,Condition Event,Tray Entry and Trial Increment,,3,0,,,,,,,,,,
3060.521,4,Output Off Event,TrayLight #1,,3,0,,,,,,,,,,
3060.521,4,Output Off Event,Sound #1,,3,0,,,,,,,,,,
3060.521,4,Output Off Event,Sound #2,,3,0,,,,,,,,,,
3060.521,4,Output Off Event,Sound #3,,3,0,,,,,,,,,,
3060.521,7,Pulse Output Event,Sound_On #1,,3,1,Duration,0,,,,,,,,
3060.521,16,Variable Event,_Trial_Counter,,3,1,Value,18,,,,,,,,
3060.521,16,Variable Event,Correct_Percent,,3,1,Value,11,,,,,,,,
3060.521,16,Variable Event,Correct_Percent,,3,1,Value,0.611,,,,,,,,
3060.521,16,Variable Event,Correct_Percent,,3,1,Value,61.111,,,,,,,,
3060.521,21,Group Change Event,Group Change,,3,1,New Group,4,,,,,,,,
3061.334,39,Input Transition Off Event,Tray #1,,4,0,,,,,,,,,,
3061.334,1,Condition Event,Start Trial,,4,0,,,,,,,,,,
3061.334,16,Variable Event,Trial,,4,1,Value,4,,,,,,,,
3061.334,21,Group Change Event,Group Change,,4,1,New Group,5,,,,,,,,
3061.334,1,Condition Event,Set for Trial 4,,5,0,,,,,,,,,,
3061.334,16,Variable Event,Correct_Grid_Position,,5,1,Value,2,,,,,,,,
3061.334,16,Variable Event,Correct_Image,,5,1,Value,2,,,,,,,,
3061.334,16,Variable Event,Incorrect_Grid_Position,,5,1,Value,3,,,,,,,,
3061.334,16,Variable Event,Incorrect_Image,,5,1,Value,1,,,,,,,,
3061.334,21,Group Change Event,Group Change,,5,1,New Group,6,,,,,,,,
3061.334,1,Condition Event,Display Images,,6,0,,,,,,,,,,
3061.334,32,Whisker - Display Image,Bussey Mouse Operant Mode 3 x 1 x low,Images,6,2,Position,2,Image 2,1,,,,,,
3061.334,32,Whisker - Display Image,Bussey Mouse Operant Mode 3 x 1 x low,Images,6,2,Position,3,Image 1,0,,,,,,
3061.334,21,Group Change Event,Group Change,,6,1,New Group,7,,,,,,,,
3061.645,39,Input Transition Off Event,BIRBeam #1,,7,0,,,,,,,,,,
3061.953,38,Input Transition On Event,FIRBeam #1,,7,0,,,,,,,,,,
3062.461,39,Input Transition Off Event,FIRBeam #1,,7,0,,,,,,,,,,
3063.209,30,Touch Down Event,Bussey Mouse Operant Mode 3 x 1 x low,,7,4,Position,3,Image 1,0,CoordX,164,CoordY,174,,
3063.209,1,Condition Event,Incorrect,,7,0,,,,,,,,,,
3063.209,32,Whisker - Display Image,Bussey Mouse Operant Mode 3 x 1 x low,Background,7,2,Position,2,Image 1,0,,,,,,
3063.209,32,Whisker - Display Image,Bussey Mouse Operant Mode 3 x 1 x low,Background,7,2,Position,3,Image 1,0,,,,,,
3063.209,3,Output On Event,Sound #1,,7,0,,,,,,,,,,
3063.209,3,Output On Event,Sound #2,,7,0,,,,,,,,,,
3063.209,3,Output On Event,Sound #3,,7,0,,,,,,,,,,
3063.209,7,Pulse Output Event,Sound_On #1,,7,1,Duration,0,,,,,,,,
3063.209,29,Timer Event,Time_Out_Timer,,7,1,Value,0,,,,,,,,
3063.209,21,Group Change Event,Group Change,,7,1,New Group,10,,,,,,,,
3063.209,1,Condition Event,TO Houselight On,,10,0,,,,,,,,,,
3063.209,3,Output On Event,HouseLight #1,,10,0,,,,,,,,,,
3063.209,21,Group Change Event,Group Change,,10,1,New Group,11,,,,,,,,
3063.209,1,Condition Event,Not correcting,,11,0,,,,,,,,,,
3063.209,16,Variable Event,Increment_this_trial,,11,1,Value,1,,,,,,,,
3063.209,21,Group Change Event,Group Change,,11,1,New Group,12,,,,,,,,
3063.209,1,Condition Event,Incorrect Trails to Correction Trial,,12,0,,,,,,,,,,
3063.209,16,Variable Event,Correction_Counter,,12,1,Value,1,,,,,,,,
3063.209,21,Group Change Event,Group Change,,12,1,New Group,18,,,,,,,,
3063.21,1,Condition Event,Change ITI time,,18,0,,,,,,,,,,
3063.21,16,Variable Event,ITI,,18,1,Value,20,,,,,,,,
3063.21,21,Group Change Event,Group Change,,18,1,New Group,13,,,,,,,,
3063.288,31,Touch Up Event,Bussey Mouse Operant Mode 3 x 1 x low,,13,4,Position,3,Image 1,0,CoordX,114,CoordY,193,,
3063.316,38,Input Transition On Event,FIRBeam #1,,13,0,,,,,,,,,,
3063.402,39,Input Transition Off Event,FIRBeam #1,,13,0,,,,,,,,,,
3065.336,38,Input Transition On Event,FIRBeam #1,,13,0,,,,,,,,,,
3067.456,39,Input Transition Off Event,FIRBeam #1,,13,0,,,,,,,,,,
3068.209,1,Condition Event,Time Out End,,13,0,,,,,,,,,,
3068.209,29,Timer Event,ITI_Timer,,13,1,Value,0,,,,,,,,
3068.209,21,Group Change Event,Group Change,,13,1,New Group,14,,,,,,,,
3068.209,1,Condition Event,Reset Houselight off,,14,0,,,,,,,,,,
3068.209,4,Output Off Event,HouseLight #1,,14,0,,,,,,,,,,
3068.209,21,Group Change Event,Group Change,,14,1,New Group,9,,,,,,,,
3068.98,38,Input Transition On Event,FIRBeam #1,,9,0,,,,,,,,,,
3069.233,39,Input Transition Off Event,FIRBeam #1,,9,0,,,,,,,,,,
3071.824,38,Input Transition On Event,FIRBeam #1,,9,0,,,,,,,,,,
3072.131,39,Input Transition Off Event,FIRBeam #1,,9,0,,,,,,,,,,
3072.299,38,Input Transition On Event,BIRBeam #1,,9,0,,,,,,,,,,
3072.647,39,Input Transition Off Event,BIRBeam #1,,9,0,,,,,,,,,,
3072.822,38,Input Transition On Event,BIRBeam #1,,9,0,,,,,,,,,,
3076.727,39,Input Transition Off Event,BIRBeam #1,,9,0,,,,,,,,,,
3077.003,38,Input Transition On Event,FIRBeam #1,,9,0,,,,,,,,,,
3077.351,39,Input Transition Off Event,FIRBeam #1,,9,0,,,,,,,,,,
3078.439,30,Touch Down Event,Bussey Mouse Operant Mode 3 x 1 x low,,9,4,Position,1,Image 1,0,CoordX,53,CoordY,153,,
3078.44,1,Condition Event,Left Screen Touches,,9,0,,,,,,,,,,
3078.44,16,Variable Event,Left_Touches_during_ITI,,9,1,Value,95,,,,,,,,
3078.44,61,Group Maintain Event,Group Change,,9,1,New Group,9,,,,,,,,
3078.691,31,Touch Up Event,Bussey Mouse Operant Mode 3 x 1 x low,,9,4,Position,1,Image 1,0,CoordX,173,CoordY,145,,
3078.79,30,Touch Down Event,Bussey Mouse Operant Mode 3 x 1 x low,,9,4,Position,1,Image 1,0,CoordX,155,CoordY,174,,
3078.791,1,Condition Event,Left Screen Touches,,9,0,,,,,,,,,,
3078.791,16,Variable Event,Left_Touches_during_ITI,,9,1,Value,96,,,,,,,,
3078.791,61,Group Maintain Event,Group Change,,9,1,New Group,9,,,,,,,,
3079.042,31,Touch Up Event,Bussey Mouse Operant Mode 3 x 1 x low,,9,4,Position,1,Image 1,0,CoordX,155,CoordY,174,,
3080.269,38,Input Transition On Event,FIRBeam #1,,9,0,,,,,,,,,,
3080.97,39,Input Transition Off Event,FIRBeam #1,,9,0,,,,,,,,,,
3081.52,30,Touch Down Event,Bussey Mouse Operant Mode 3 x 1 x low,,9,4,Position,3,Image 1,0,CoordX,199,CoordY,212,,
3081.52,1,Condition Event,Right Screen Touches,,9,0,,,,,,,,,,
3081.52,16,Variable Event,Right_touches_during_ITI,,9,1,Value,45,,,,,,,,
3081.52,61,Group Maintain Event,Group Change,,9,1,New Group,9,,,,,,,,
3082.106,31,Touch Up Event,Bussey Mouse Operant Mode 3 x 1 x low,,9,4,Position,3,Image 1,0,CoordX,131,CoordY,134,,
3088.209,1,Condition Event,Next trial,,9,0,,,,,,,,,,
3088.209,3,Output On Event,TrayLight #1,,9,0,,,,,,,,,,
3088.209,16,Variable Event,First_Trial,,9,1,Value,0,,,,,,,,
3088.209,16,Variable Event,First_Analysis,,9,1,Value,1,,,,,,,,
3088.209,16,Variable Event,ITI,,9,1,Value,20,,,,,,,,
3088.209,21,Group Change Event,Group Change,,9,1,New Group,15,,,,,,,,
3088.209,1,Condition Event,Start Correction Trial,,15,0,,,,,,,,,,
3088.209,16,Variable Event,Correction_Trial,,15,1,Value,1,,,,,,,,
3088.209,21,Group Change Event,Group Change,,15,1,New Group,16,,,,,,,,
3096.529,38,Input Transition On Event,FIRBeam #1,,16,0,,,,,,,,,,
3096.738,39,Input Transition Off Event,FIRBeam #1,,16,0,,,,,,,,,,
3097.522,38,Input Transition On Event,FIRBeam #1,,16,0,,,,,,,,,,
3097.585,39,Input Transition Off Event,FIRBeam #1,,16,0,,,,,,,,,,
3098.144,38,Input Transition On Event,FIRBeam #1,,16,0,,,,,,,,,,
3099.396,30,Touch Down Event,Bussey Mouse Operant Mode 3 x 1 x low,,16,4,Position,2,Image 1,0,CoordX,184,CoordY,212,,
3099.551,31,Touch Up Event,Bussey Mouse Operant Mode 3 x 1 x low,,16,4,Position,2,Image 1,0,CoordX,166,CoordY,193,,
3099.611,39,Input Transition Off Event,FIRBeam #1,,16,0,,,,,,,,,,
3100.437,38,Input Transition On Event,FIRBeam #1,,16,0,,,,,,,,,,
3100.824,39,Input Transition Off Event,FIRBeam #1,,16,0,,,,,,,,,,
3100.958,38,Input Transition On Event,BIRBeam #1,,16,0,,,,,,,,,,
3101.26,38,Input Transition On Event,Tray #1,,16,0,,,,,,,,,,
3101.261,1,Condition Event,Tray Entry Noted Trial Increment,,16,0,,,,,,,,,,
3101.261,4,Output Off Event,TrayLight #1,,16,0,,,,,,,,,,
3101.261,4,Output Off Event,Sound #1,,16,0,,,,,,,,,,
3101.261,4,Output Off Event,Sound #2,,16,0,,,,,,,,,,
3101.261,4,Output Off Event,Sound #3,,16,0,,,,,,,,,,
3101.261,7,Pulse Output Event,Sound_On #1,,16,1,Duration,0,,,,,,,,
3101.261,16,Variable Event,_Trial_Counter,,16,1,Value,19,,,,,,,,
3101.261,16,Variable Event,Correct_Percent,,16,1,Value,11,,,,,,,,
3101.261,16,Variable Event,Correct_Percent,,16,1,Value,0.579,,,,,,,,
3101.261,16,Variable Event,Correct_Percent,,16,1,Value,57.895,,,,,,,,
3101.261,21,Group Change Event,Group Change,,16,1,New Group,17,,,,,,,,
3101.748,39,Input Transition Off Event,Tray #1,,17,0,,,,,,,,,,
3101.749,1,Condition Event,Tray Exit Starts Correction Trial,,17,0,,,,,,,,,,
3101.749,16,Variable Event,Total_No_Correction_Trials,,17,1,Value,47,,,,,,,,
3101.749,21,Group Change Event,Group Change,,17,1,New Group,6,,,,,,,,
3101.749,1,Condition Event,Display Images,,6,0,,,,,,,,,,
3101.749,32,Whisker - Display Image,Bussey Mouse Operant Mode 3 x 1 x low,Images,6,2,Position,2,Image 2,1,,,,,,
3101.749,32,Whisker - Display Image,Bussey Mouse Operant Mode 3 x 1 x low,Images,6,2,Position,3,Image 1,0,,,,,,
3101.749,21,Group Change Event,Group Change,,6,1,New Group,7,,,,,,,,
3102.066,39,Input Transition Off Event,BIRBeam #1,,7,0,,,,,,,,,,
3102.388,38,Input Transition On Event,FIRBeam #1,,7,0,,,,,,,,,,
3102.909,30,Touch Down Event,Bussey Mouse Operant Mode 3 x 1 x low,,7,4,Position,3,Image 1,0,CoordX,96,CoordY,212,,
3102.91,1,Condition Event,Incorrect,,7,0,,,,,,,,,,
3102.91,32,Whisker - Display Image,Bussey Mouse Operant Mode 3 x 1 x low,Background,7,2,Position,2,Image 1,0,,,,,,
3102.91,32,Whisker - Display Image,Bussey Mouse Operant Mode 3 x 1 x low,Background,7,2,Position,3,Image 1,0,,,,,,
3102.91,3,Output On Event,Sound #1,,7,0,,,,,,,,,,
3102.91,3,Output On Event,Sound #2,,7,0,,,,,,,,,,
3102.91,3,Output On Event,Sound #3,,7,0,,,,,,,,,,
3102.91,7,Pulse Output Event,Sound_On #1,,7,1,Duration,0,,,,,,,,
3102.91,29,Timer Event,Time_Out_Timer,,7,1,Value,0,,,,,,,,
3102.91,21,Group Change Event,Group Change,,7,1,New Group,10,,,,,,,,
3102.91,1,Condition Event,TO Houselight On,,10,0,,,,,,,,,,
3102.91,3,Output On Event,HouseLight #1,,10,0,,,,,,,,,,
3102.91,21,Group Change Event,Group Change,,10,1,New Group,11,,,,,,,,
3102.91,1,Condition Event,Sequential Correction Trials,,11,0,,,,,,,,,,
3102.91,16,Variable Event,Sequential_Correction_Trials,,11,1,Value,1,,,,,,,,
3102.91,16,Variable Event,Increment_this_trial,,11,1,Value,0,,,,,,,,
3102.91,21,Group Change Event,Group Change,,11,1,New Group,12,,,,,,,,
3102.91,1,Condition Event,Incorrect Trails to Correction Trial,,12,0,,,,,,,,,,
3102.91,16,Variable Event,Correction_Counter,,12,1,Value,2,,,,,,,,
3102.91,21,Group Change Event,Group Change,,12,1,New Group,18,,,,,,,,
3102.91,1,Condition Event,Change ITI time,,18,0,,,,,,,,,,
3102.91,16,Variable Event,ITI,,18,1,Value,20,,,,,,,,
3102.91,21,Group Change Event,Group Change,,18,1,New Group,13,,,,,,,,
3102.948,31,Touch Up Event,Bussey Mouse Operant Mode 3 x 1 x low,,13,4,Position,3,Image 1,0,CoordX,96,CoordY,212,,
3102.968,30,Touch Down Event,Bussey Mouse Operant Mode 3 x 1 x low,,13,4,Position,3,Image 1,0,CoordX,114,CoordY,193,,
3103.008,31,Touch Up Event,Bussey Mouse Operant Mode 3 x 1 x low,,13,4,Position,3,Image 1,0,CoordX,114,CoordY,193,,
3105.17,39,Input Transition Off Event,FIRBeam #1,,13,0,,,,,,,,,,
3105.583,38,Input Transition On Event,FIRBeam #1,,13,0,,,,,,,,,,
3106.013,39,Input Transition Off Event,FIRBeam #1,,13,0,,,,,,,,,,
3107.91,1,Condition Event,Time Out End,,13,0,,,,,,,,,,
3107.91,29,Timer Event,ITI_Timer,,13,1,Value,0,,,,,,,,
3107.91,21,Group Change Event,Group Change,,13,1,New Group,14,,,,,,,,
3107.91,1,Condition Event,Reset Houselight off,,14,0,,,,,,,,,,
3107.91,4,Output Off Event,HouseLight #1,,14,0,,,,,,,,,,
3107.91,21,Group Change Event,Group Change,,14,1,New Group,9,,,,,,,,
3108.328,38,Input Transition On Event,BIRBeam #1,,9,0,,,,,,,,,,
3108.727,38,Input Transition On Event,Tray #1,,9,0,,,,,,,,,,
3108.939,39,Input Transition Off Event,Tray #1,,9,0,,,,,,,,,,
3111.013,38,Input Transition On Event,Tray #1,,9,0,,,,,,,,,,
3111.099,39,Input Transition Off Event,Tray #1,,9,0,,,,,,,,,,
3112.136,39,Input Transition Off Event,BIRBeam #1,,9,0,,,,,,,,,,
3112.653,38,Input Transition On Event,FIRBeam #1,,9,0,,,,,,,,,,
3113.419,39,Input Transition Off Event,FIRBeam #1,,9,0,,,,,,,,,,
3114.342,30,Touch Down Event,Bussey Mouse Operant Mode 3 x 1 x low,,9,4,Position,1,Image 1,0,CoordX,103,CoordY,193,,
3114.342,1,Condition Event,Left Screen Touches,,9,0,,,,,,,,,,
3114.342,16,Variable Event,Left_Touches_during_ITI,,9,1,Value,97,,,,,,,,
3114.342,61,Group Maintain Event,Group Change,,9,1,New Group,9,,,,,,,,
3114.4,31,Touch Up Event,Bussey Mouse Operant Mode 3 x 1 x low,,9,4,Position,1,Image 1,0,CoordX,103,CoordY,193,,
3115.632,38,Input Transition On Event,FIRBeam #1,,9,0,,,,,,,,,,
3116.521,39,Input Transition Off Event,FIRBeam #1,,9,0,,,,,,,,,,
3121.391,38,Input Transition On Event,FIRBeam #1,,9,0,,,,,,,,,,
3121.526,39,Input Transition Off Event,FIRBeam #1,,9,0,,,,,,,,,,
3125.434,38,Input Transition On Event,FIRBeam #1,,9,0,,,,,,,,,,
3125.787,39,Input Transition Off Event,FIRBeam #1,,9,0,,,,,,,,,,
3127.91,1,Condition Event,Next trial,,9,0,,,,,,,,,,
3127.91,3,Output On Event,TrayLight #1,,9,0,,,,,,,,,,
3127.91,16,Variable Event,First_Trial,,9,1,Value,0,,,,,,,,
3127.91,16,Variable Event,First_Analysis,,9,1,Value,1,,,,,,,,
3127.91,16,Variable Event,ITI,,9,1,Value,20,,,,,,,,
3127.91,21,Group Change Event,Group Change,,9,1,New Group,15,,,,,,,,
3127.91,1,Condition Event,Start Correction Trial,,15,0,,,,,,,,,,
3127.91,16,Variable Event,Correction_Trial,,15,1,Value,1,,,,,,,,
3127.91,21,Group Change Event,Group Change,,15,1,New Group,16,,,,,,,,
3128.121,38,Input Transition On Event,FIRBeam #1,,16,0,,,,,,,,,,
3128.686,39,Input Transition Off Event,FIRBeam #1,,16,0,,,,,,,,,,
3128.944,38,Input Transition On Event,FIRBeam #1,,16,0,,,,,,,,,,
3131.048,39,Input Transition Off Event,FIRBeam #1,,16,0,,,,,,,,,,
3131.128,38,Input Transition On Event,FIRBeam #1,,16,0,,,,,,,,,,
3131.929,39,Input Transition Off Event,FIRBeam #1,,16,0,,,,,,,,,,
3132.143,38,Input Transition On Event,BIRBeam #1,,16,0,,,,,,,,,,
3132.485,39,Input Transition Off Event,BIRBeam #1,,16,0,,,,,,,,,,
3134.153,38,Input Transition On Event,FIRBeam #1,,16,0,,,,,,,,,,
3134.632,39,Input Transition Off Event,FIRBeam #1,,16,0,,,,,,,,,,
3135.062,38,Input Transition On Event,FIRBeam #1,,16,0,,,,,,,,,,
3135.441,39,Input Transition Off Event,FIRBeam #1,,16,0,,,,,,,,,,
3135.558,38,Input Transition On Event,BIRBeam #1,,16,0,,,,,,,,,,
3135.854,38,Input Transition On Event,Tray #1,,16,0,,,,,,,,,,
3135.854,1,Condition Event,Tray Entry Noted,,16,0,,,,,,,,,,
3135.854,4,Output Off Event,TrayLight #1,,16,0,,,,,,,,,,
3135.854,4,Output Off Event,Sound #1,,16,0,,,,,,,,,,
3135.854,4,Output Off Event,Sound #2,,16,0,,,,,,,,,,
3135.854,4,Output Off Event,Sound #3,,16,0,,,,,,,,,,
3135.854,7,Pulse Output Event,Sound_On #1,,16,1,Duration,0,,,,,,,,
3135.854,21,Group Change Event,Group Change,,16,1,New Group,17,,,,,,,,
3135.875,39,Input Transition Off Event,Tray #1,,17,0,,,,,,,,,,
3135.875,1,Condition Event,Tray Exit Starts Correction Trial,,17,0,,,,,,,,,,
3135.875,16,Variable Event,Total_No_Correction_Trials,,17,1,Value,48,,,,,,,,
3135.875,21,Group Change Event,Group Change,,17,1,New Group,6,,,,,,,,
3135.875,1,Condition Event,Display Images,,6,0,,,,,,,,,,
3135.875,32,Whisker - Display Image,Bussey Mouse Operant Mode 3 x 1 x low,Images,6,2,Position,2,Image 2,1,,,,,,
3135.875,32,Whisker - Display Image,Bussey Mouse Operant Mode 3 x 1 x low,Images,6,2,Position,3,Image 1,0,,,,,,
3135.875,21,Group Change Event,Group Change,,6,1,New Group,7,,,,,,,,
3135.887,38,Input Transition On Event,Tray #1,,7,0,,,,,,,,,,
3136.023,39,Input Transition Off Event,Tray #1,,7,0,,,,,,,,,,
3136.416,39,Input Transition Off Event,BIRBeam #1,,7,0,,,,,,,,,,
3136.75,38,Input Transition On Event,FIRBeam #1,,7,0,,,,,,,,,,
3137.316,30,Touch Down Event,Bussey Mouse Operant Mode 3 x 1 x low,,7,4,Position,0,(NoImageOrVideo),-1,CoordX,677,CoordY,555,,
3137.375,31,Touch Up Event,Bussey Mouse Operant Mode 3 x 1 x low,,7,4,Position,0,(NoImageOrVideo),-1,CoordX,677,CoordY,555,,
3137.823,39,Input Transition Off Event,FIRBeam #1,,7,0,,,,,,,,,,
3138.072,30,Touch Down Event,Bussey Mouse Operant Mode 3 x 1 x low,,7,4,Position,3,Image 1,0,CoordX,28,CoordY,174,,
3138.072,1,Condition Event,Incorrect,,7,0,,,,,,,,,,
3138.072,32,Whisker - Display Image,Bussey Mouse Operant Mode 3 x 1 x low,Background,7,2,Position,2,Image 1,0,,,,,,
3138.072,32,Whisker - Display Image,Bussey Mouse Operant Mode 3 x 1 x low,Background,7,2,Position,3,Image 1,0,,,,,,
3138.072,3,Output On Event,Sound #1,,7,0,,,,,,,,,,
3138.072,3,Output On Event,Sound #2,,7,0,,,,,,,,,,
3138.072,3,Output On Event,Sound #3,,7,0,,,,,,,,,,
3138.072,7,Pulse Output Event,Sound_On #1,,7,1,Duration,0,,,,,,,,
3138.072,29,Timer Event,Time_Out_Timer,,7,1,Value,0,,,,,,,,
3138.072,21,Group Change Event,Group Change,,7,1,New Group,10,,,,,,,,
3138.073,1,Condition Event,TO Houselight On,,10,0,,,,,,,,,,
3138.073,3,Output On Event,HouseLight #1,,10,0,,,,,,,,,,
3138.073,21,Group Change Event,Group Change,,10,1,New Group,11,,,,,,,,
3138.073,1,Condition Event,Sequential Correction Trials,,11,0,,,,,,,,,,
3138.073,16,Variable Event,Sequential_Correction_Trials,,11,1,Value,2,,,,,,,,
3138.073,16,Variable Event,Increment_this_trial,,11,1,Value,0,,,,,,,,
3138.073,21,Group Change Event,Group Change,,11,1,New Group,12,,,,,,,,
3138.073,1,Condition Event,Incorrect Trails to Correction Trial,,12,0,,,,,,,,,,
3138.073,16,Variable Event,Correction_Counter,,12,1,Value,3,,,,,,,,
3138.073,21,Group Change Event,Group Change,,12,1,New Group,18,,,,,,,,
3138.073,1,Condition Event,Change ITI time,,18,0,,,,,,,,,,
3138.073,16,Variable Event,ITI,,18,1,Value,20,,,,,,,,
3138.073,21,Group Change Event,Group Change,,18,1,New Group,13,,,,,,,,
3138.227,31,Touch Up Event,Bussey Mouse Operant Mode 3 x 1 x low,,13,4,Position,3,Image 1,0,CoordX,43,CoordY,154,,
3138.307,30,Touch Down Event,Bussey Mouse Operant Mode 3 x 1 x low,,13,4,Position,3,Image 1,0,CoordX,28,CoordY,128,,
3138.848,31,Touch Up Event,Bussey Mouse Operant Mode 3 x 1 x low,,13,4,Position,3,Image 1,0,CoordX,25,CoordY,125,,
3139.53,38,Input Transition On Event,FIRBeam #1,,13,0,,,,,,,,,,
3143.014,39,Input Transition Off Event,FIRBeam #1,,13,0,,,,,,,,,,
3143.072,1,Condition Event,Time Out End,,13,0,,,,,,,,,,
3143.072,29,Timer Event,ITI_Timer,,13,1,Value,0,,,,,,,,
3143.072,21,Group Change Event,Group Change,,13,1,New Group,14,,,,,,,,
3143.072,1,Condition Event,Reset Houselight off,,14,0,,,,,,,,,,
3143.072,4,Output Off Event,HouseLight #1,,14,0,,,,,,,,,,
3143.072,21,Group Change Event,Group Change,,14,1,New Group,9,,,,,,,,
3143.111,38,Input Transition On Event,FIRBeam #1,,9,0,,,,,,,,,,
3143.921,39,Input Transition Off Event,FIRBeam #1,,9,0,,,,,,,,,,
3145.021,30,Touch Down Event,Bussey Mouse Operant Mode 3 x 1 x low,,9,4,Position,1,Image 1,0,CoordX,85,CoordY,212,,
3145.022,1,Condition Event,Left Screen Touches,,9,0,,,,,,,,,,
3145.022,16,Variable Event,Left_Touches_during_ITI,,9,1,Value,98,,,,,,,,
3145.022,61,Group Maintain Event,Group Change,,9,1,New Group,9,,,,,,,,
3145.098,31,Touch Up Event,Bussey Mouse Operant Mode 3 x 1 x low,,9,4,Position,1,Image 1,0,CoordX,103,CoordY,212,,
3145.275,38,Input Transition On Event,FIRBeam #1,,9,0,,,,,,,,,,
3145.513,39,Input Transition Off Event,FIRBeam #1,,9,0,,,,,,,,,,
3146.328,38,Input Transition On Event,FIRBeam #1,,9,0,,,,,,,,,,
3148.813,39,Input Transition Off Event,FIRBeam #1,,9,0,,,,,,,,,,
3149.08,38,Input Transition On Event,FIRBeam #1,,9,0,,,,,,,,,,
3149.22,39,Input Transition Off Event,FIRBeam #1,,9,0,,,,,,,,,,
3150.139,38,Input Transition On Event,FIRBeam #1,,9,0,,,,,,,,,,
3150.449,39,Input Transition Off Event,FIRBeam #1,,9,0,,,,,,,,,,
3151.739,30,Touch Down Event,Bussey Mouse Operant Mode 3 x 1 x low,,9,4,Position,1,Image 1,0,CoordX,120,CoordY,135,,
3151.739,1,Condition Event,Left Screen Touches,,9,0,,,,,,,,,,
3151.739,16,Variable Event,Left_Touches_during_ITI,,9,1,Value,99,,,,,,,,
3151.739,61,Group Maintain Event,Group Change,,9,1,New Group,9,,,,,,,,
3151.835,31,Touch Up Event,Bussey Mouse Operant Mode 3 x 1 x low,,9,4,Position,1,Image 1,0,CoordX,120,CoordY,135,,
3152.88,38,Input Transition On Event,FIRBeam #1,,9,0,,,,,,,,,,
3154.559,39,Input Transition Off Event,FIRBeam #1,,9,0,,,,,,,,,,
3155.151,30,Touch Down Event,Bussey Mouse Operant Mode 3 x 1 x low,,9,4,Position,2,Image 1,0,CoordX,134,CoordY,41,,
3155.151,1,Condition Event,Centre Screen Touches,,9,0,,,,,,,,,,
3155.151,16,Variable Event,Centre_Touches_during_ITI,,9,1,Value,53,,,,,,,,
3155.151,61,Group Maintain Event,Group Change,,9,1,New Group,9,,,,,,,,
3155.442,31,Touch Up Event,Bussey Mouse Operant Mode 3 x 1 x low,,9,4,Position,2,Image 1,0,CoordX,134,CoordY,118,,
3155.979,38,Input Transition On Event,FIRBeam #1,,9,0,,,,,,,,,,
3156.427,39,Input Transition Off Event,FIRBeam #1,,9,0,,,,,,,,,,
3156.69,30,Touch Down Event,Bussey Mouse Operant Mode 3 x 1 x low,,9,4,Position,3,Image 1,0,CoordX,181,CoordY,154,,
3156.691,1,Condition Event,Right Screen Touches,,9,0,,,,,,,,,,
3156.691,16,Variable Event,Right_touches_during_ITI,,9,1,Value,46,,,,,,,,
3156.691,61,Group Maintain Event,Group Change,,9,1,New Group,9,,,,,,,,
3157.368,31,Touch Up Event,Bussey Mouse Operant Mode 3 x 1 x low,,9,4,Position,3,Image 1,0,CoordX,181,CoordY,118,,
3157.543,30,Touch Down Event,Bussey Mouse Operant Mode 3 x 1 x low,,9,4,Position,3,Image 1,0,CoordX,164,CoordY,80,,
3157.543,1,Condition Event,Right Screen Touches,,9,0,,,,,,,,,,
3157.543,16,Variable Event,Right_touches_during_ITI,,9,1,Value,47,,,,,,,,
3157.543,61,Group Maintain Event,Group Change,,9,1,New Group,9,,,,,,,,
3157.581,31,Touch Up Event,Bussey Mouse Operant Mode 3 x 1 x low,,9,4,Position,3,Image 1,0,CoordX,164,CoordY,80,,
3157.91,30,Touch Down Event,Bussey Mouse Operant Mode 3 x 1 x low,,9,4,Position,3,Image 1,0,CoordX,61,CoordY,118,,
3157.91,1,Condition Event,Right Screen Touches,,9,0,,,,,,,,,,
3157.91,16,Variable Event,Right_touches_during_ITI,,9,1,Value,48,,,,,,,,
3157.91,61,Group Maintain Event,Group Change,,9,1,New Group,9,,,,,,,,
3158.046,31,Touch Up Event,Bussey Mouse Operant Mode 3 x 1 x low,,9,4,Position,3,Image 1,0,CoordX,61,CoordY,118,,
3159.082,30,Touch Down Event,Bussey Mouse Operant Mode 3 x 1 x low,,9,4,Position,1,Image 1,0,CoordX,85,CoordY,37,,
3159.082,1,Condition Event,Left Screen Touches,,9,0,,,,,,,,,,
3159.082,16,Variable Event,Left_Touches_during_ITI,,9,1,Value,100,,,,,,,,
3159.082,61,Group Maintain Event,Group Change,,9,1,New Group,9,,,,,,,,
3159.257,31,Touch Up Event,Bussey Mouse Operant Mode 3 x 1 x low,,9,4,Position,1,Image 1,0,CoordX,103,CoordY,118,,
3159.297,30,Touch Down Event,Bussey Mouse Operant Mode 3 x 1 x low,,9,4,Position,1,Image 1,0,CoordX,120,CoordY,118,,
3159.297,1,Condition Event,Left Screen Touches,,9,0,,,,,,,,,,
3159.297,16,Variable Event,Left_Touches_during_ITI,,9,1,Value,101,,,,,,,,
3159.297,61,Group Maintain Event,Group Change,,9,1,New Group,9,,,,,,,,
3159.415,31,Touch Up Event,Bussey Mouse Operant Mode 3 x 1 x low,,9,4,Position,1,Image 1,0,CoordX,120,CoordY,118,,
3159.595,30,Touch Down Event,Bussey Mouse Operant Mode 3 x 1 x low,,9,4,Position,1,Image 1,0,CoordX,173,CoordY,118,,
3159.595,1,Condition Event,Left Screen Touches,,9,0,,,,,,,,,,
3159.595,16,Variable Event,Left_Touches_during_ITI,,9,1,Value,102,,,,,,,,
3159.595,61,Group Maintain Event,Group Change,,9,1,New Group,9,,,,,,,,
3159.808,31,Touch Up Event,Bussey Mouse Operant Mode 3 x 1 x low,,9,4,Position,1,Image 1,0,CoordX,173,CoordY,118,,
3161.015,38,Input Transition On Event,FIRBeam #1,,9,0,,,,,,,,,,
3161.227,39,Input Transition Off Event,FIRBeam #1,,9,0,,,,,,,,,,
3162.217,30,Touch Down Event,Bussey Mouse Operant Mode 3 x 1 x low,,9,4,Position,2,Image 1,0,CoordX,184,CoordY,154,,
3162.217,1,Condition Event,Centre Screen Touches,,9,0,,,,,,,,,,
3162.217,16,Variable Event,Centre_Touches_during_ITI,,9,1,Value,54,,,,,,,,
3162.217,61,Group Maintain Event,Group Change,,9,1,New Group,9,,,,,,,,
3162.353,31,Touch Up Event,Bussey Mouse Operant Mode 3 x 1 x low,,9,4,Position,2,Image 1,0,CoordX,184,CoordY,154,,
3163.072,1,Condition Event,Next trial,,9,0,,,,,,,,,,
3163.072,3,Output On Event,TrayLight #1,,9,0,,,,,,,,,,
3163.072,16,Variable Event,First_Trial,,9,1,Value,0,,,,,,,,
3163.072,16,Variable Event,First_Analysis,,9,1,Value,1,,,,,,,,
3163.072,16,Variable Event,ITI,,9,1,Value,20,,,,,,,,
3163.072,21,Group Change Event,Group Change,,9,1,New Group,15,,,,,,,,
3163.072,1,Condition Event,Start Correction Trial,,15,0,,,,,,,,,,
3163.072,16,Variable Event,Correction_Trial,,15,1,Value,1,,,,,,,,
3163.072,21,Group Change Event,Group Change,,15,1,New Group,16,,,,,,,,
3163.325,38,Input Transition On Event,FIRBeam #1,,16,0,,,,,,,,,,
3163.712,39,Input Transition Off Event,FIRBeam #1,,16,0,,,,,,,,,,
3163.784,38,Input Transition On Event,FIRBeam #1,,16,0,,,,,,,,,,
3164.042,39,Input Transition Off Event,FIRBeam #1,,16,0,,,,,,,,,,
3164.154,38,Input Transition On Event,BIRBeam #1,,16,0,,,,,,,,,,
3164.877,39,Input Transition Off Event,BIRBeam #1,,16,0,,,,,,,,,,
3165.368,38,Input Transition On Event,FIRBeam #1,,16,0,,,,,,,,,,
3166.347,30,Touch Down Event,Bussey Mouse Operant Mode 3 x 1 x low,,16,4,Position,3,Image 1,0,CoordX,131,CoordY,212,,
3166.395,39,Input Transition Off Event,FIRBeam #1,,16,0,,,,,,,,,,
3166.502,31,Touch Up Event,Bussey Mouse Operant Mode 3 x 1 x low,,16,4,Position,3,Image 1,0,CoordX,131,CoordY,178,,
3166.661,30,Touch Down Event,Bussey Mouse Operant Mode 3 x 1 x low,,16,4,Position,3,Image 1,0,CoordX,199,CoordY,193,,
3167.029,31,Touch Up Event,Bussey Mouse Operant Mode 3 x 1 x low,,16,4,Position,3,Image 1,0,CoordX,164,CoordY,212,,
3167.291,38,Input Transition On Event,FIRBeam #1,,16,0,,,,,,,,,,
3167.813,39,Input Transition Off Event,FIRBeam #1,,16,0,,,,,,,,,,
3168.013,38,Input Transition On Event,BIRBeam #1,,16,0,,,,,,,,,,
3168.443,38,Input Transition On Event,Tray #1,,16,0,,,,,,,,,,
3168.444,1,Condition Event,Tray Entry Noted,,16,0,,,,,,,,,,
3168.444,4,Output Off Event,TrayLight #1,,16,0,,,,,,,,,,
3168.444,4,Output Off Event,Sound #1,,16,0,,,,,,,,,,
3168.444,4,Output Off Event,Sound #2,,16,0,,,,,,,,,,
3168.444,4,Output Off Event,Sound #3,,16,0,,,,,,,,,,
3168.444,7,Pulse Output Event,Sound_On #1,,16,1,Duration,0,,,,,,,,
3168.444,21,Group Change Event,Group Change,,16,1,New Group,17,,,,,,,,
3168.625,39,Input Transition Off Event,Tray #1,,17,0,,,,,,,,,,
3168.626,1,Condition Event,Tray Exit Starts Correction Trial,,17,0,,,,,,,,,,
3168.626,16,Variable Event,Total_No_Correction_Trials,,17,1,Value,49,,,,,,,,
3168.626,21,Group Change Event,Group Change,,17,1,New Group,6,,,,,,,,
3168.626,1,Condition Event,Display Images,,6,0,,,,,,,,,,
3168.626,32,Whisker - Display Image,Bussey Mouse Operant Mode 3 x 1 x low,Images,6,2,Position,2,Image 2,1,,,,,,
3168.626,32,Whisker - Display Image,Bussey Mouse Operant Mode 3 x 1 x low,Images,6,2,Position,3,Image 1,0,,,,,,
3168.626,21,Group Change Event,Group Change,,6,1,New Group,7,,,,,,,,
3168.868,39,Input Transition Off Event,BIRBeam #1,,7,0,,,,,,,,,,
3169.225,38,Input Transition On Event,FIRBeam #1,,7,0,,,,,,,,,,
3169.868,39,Input Transition Off Event,FIRBeam #1,,7,0,,,,,,,,,,
3170.927,38,Input Transition On Event,FIRBeam #1,,7,0,,,,,,,,,,
3171.064,39,Input Transition Off Event,FIRBeam #1,,7,0,,,,,,,,,,
3172.195,30,Touch Down Event,Bussey Mouse Operant Mode 3 x 1 x low,,7,4,Position,2,Image 2,1,CoordX,49,CoordY,138,,
3172.196,1,Condition Event,Correct,,7,0,,,,,,,,,,
3172.196,32,Whisker - Display Image,Bussey Mouse Operant Mode 3 x 1 x low,Background,7,2,Position,2,Image 1,0,,,,,,
3172.196,32,Whisker - Display Image,Bussey Mouse Operant Mode 3 x 1 x low,Background,7,2,Position,3,Image 1,0,,,,,,
3172.196,7,Pulse Output Event,Feeder #1,,7,1,Duration,0.28,,,,,,,,
3172.196,3,Output On Event,TrayLight #1,,7,0,,,,,,,,,,
3172.196,16,Variable Event,Correction_Counter,,7,1,Value,0,,,,,,,,
3172.196,21,Group Change Event,Group Change,,7,1,New Group,19,,,,,,,,
3172.196,1,Condition Event,Reset Sound Levels to Zero,,19,0,,,,,,,,,,
3172.196,4,Output Off Event,Sound #1,,19,0,,,,,,,,,,
3172.196,4,Output Off Event,Sound #2,,19,0,,,,,,,,,,
3172.196,4,Output Off Event,Sound #3,,19,0,,,,,,,,,,
3172.196,21,Group Change Event,Group Change,,19,1,New Group,20,,,,,,,,
3172.196,1,Condition Event,Adjust Sound Level 2,,20,0,,,,,,,,,,
3172.196,3,Output On Event,Sound #2,,20,0,,,,,,,,,,
3172.196,1,Condition Event,NoTone Fall Through,,20,0,,,,,,,,,,
3172.196,21,Group Change Event,Group Change,,20,1,New Group,21,,,,,,,,
3172.196,1,Condition Event,Play Tone,,21,0,,,,,,,,,,
3172.196,7,Pulse Output Event,Sound_On #1,,21,1,Duration,1,,,,,,,,
3172.196,21,Group Change Event,Group Change,,21,1,New Group,8,,,,,,,,
3172.196,1,Condition Event,Reset Correction Flag,,8,0,,,,,,,,,,
3172.196,16,Variable Event,Sequential_Correction_Trials,,8,1,Value,0,,,,,,,,
3172.196,16,Variable Event,Correction_Trial_Correct_Counter,,8,1,Value,8,,,,,,,,
3172.196,16,Variable Event,First_Analysis,,8,1,Value,0,,,,,,,,
3172.196,61,Group Maintain Event,Group Change,,8,1,New Group,8,,,,,,,,
3172.368,31,Touch Up Event,Bussey Mouse Operant Mode 3 x 1 x low,,8,4,Position,2,Image 1,0,CoordX,109,CoordY,128,,
3172.996,38,Input Transition On Event,FIRBeam #1,,8,0,,,,,,,,,,
3173.285,39,Input Transition Off Event,FIRBeam #1,,8,0,,,,,,,,,,
3173.466,38,Input Transition On Event,BIRBeam #1,,8,0,,,,,,,,,,
3173.747,38,Input Transition On Event,Tray #1,,8,0,,,,,,,,,,
3173.748,1,Condition Event,Reward Collected Start ITI,,8,0,,,,,,,,,,
3173.748,4,Output Off Event,TrayLight #1,,8,0,,,,,,,,,,
3173.748,29,Timer Event,ITI_Timer,,8,1,Value,0,,,,,,,,
3173.748,21,Group Change Event,Group Change,,8,1,New Group,9,,,,,,,,
3176.851,39,Input Transition Off Event,Tray #1,,9,0,,,,,,,,,,
3177.978,38,Input Transition On Event,Tray #1,,9,0,,,,,,,,,,
3179.241,39,Input Transition Off Event,Tray #1,,9,0,,,,,,,,,,
3179.559,39,Input Transition Off Event,BIRBeam #1,,9,0,,,,,,,,,,
3179.941,38,Input Transition On Event,FIRBeam #1,,9,0,,,,,,,,,,
3183.014,39,Input Transition Off Event,FIRBeam #1,,9,0,,,,,,,,,,
3183.462,38,Input Transition On Event,FIRBeam #1,,9,0,,,,,,,,,,
3183.803,39,Input Transition Off Event,FIRBeam #1,,9,0,,,,,,,,,,
3187.086,30,Touch Down Event,Bussey Mouse Operant Mode 3 x 1 x low,,9,4,Position,1,Image 1,0,CoordX,163,CoordY,212,,
3187.086,1,Condition Event,Left Screen Touches,,9,0,,,,,,,,,,
3187.086,16,Variable Event,Left_Touches_during_ITI,,9,1,Value,103,,,,,,,,
3187.086,61,Group Maintain Event,Group Change,,9,1,New Group,9,,,,,,,,
3187.737,31,Touch Up Event,Bussey Mouse Operant Mode 3 x 1 x low,,9,4,Position,1,Image 1,0,CoordX,53,CoordY,154,,
3189.261,38,Input Transition On Event,FIRBeam #1,,9,0,,,,,,,,,,
3191.06,39,Input Transition Off Event,FIRBeam #1,,9,0,,,,,,,,,,
3191.898,38,Input Transition On Event,FIRBeam #1,,9,0,,,,,,,,,,
3193.049,39,Input Transition Off Event,FIRBeam #1,,9,0,,,,,,,,,,
3193.748,1,Condition Event,Next trial,,9,0,,,,,,,,,,
3193.748,3,Output On Event,TrayLight #1,,9,0,,,,,,,,,,
3193.748,16,Variable Event,First_Trial,,9,1,Value,0,,,,,,,,
3193.748,16,Variable Event,First_Analysis,,9,1,Value,1,,,,,,,,
3193.748,16,Variable Event,ITI,,9,1,Value,20,,,,,,,,
3193.748,21,Group Change Event,Group Change,,9,1,New Group,15,,,,,,,,
3193.748,1,Condition Event,Next trial non corrected Trial,,15,0,,,,,,,,,,
3193.748,19,List Change - Next Value,Trial_Type,,15,2,Index,25,Value,5,,,,,,
3193.748,21,Group Change Event,Group Change,,15,1,New Group,3,,,,,,,,
3195.528,38,Input Transition On Event,FIRBeam #1,,3,0,,,,,,,,,,
3196.286,39,Input Transition Off Event,FIRBeam #1,,3,0,,,,,,,,,,
3196.541,30,Touch Down Event,Bussey Mouse Operant Mode 3 x 1 x low,,3,4,Position,1,Image 1,0,CoordX,53,CoordY,154,,
3196.734,31,Touch Up Event,Bussey Mouse Operant Mode 3 x 1 x low,,3,4,Position,1,Image 1,0,CoordX,53,CoordY,154,,
3196.97,30,Touch Down Event,Bussey Mouse Operant Mode 3 x 1 x low,,3,4,Position,1,Image 1,0,CoordX,173,CoordY,212,,
3197.239,31,Touch Up Event,Bussey Mouse Operant Mode 3 x 1 x low,,3,4,Position,1,Image 1,0,CoordX,173,CoordY,212,,
3197.567,38,Input Transition On Event,FIRBeam #1,,3,0,,,,,,,,,,
3197.862,39,Input Transition Off Event,FIRBeam #1,,3,0,,,,,,,,,,
3198.005,38,Input Transition On Event,BIRBeam #1,,3,0,,,,,,,,,,
3198.278,38,Input Transition On Event,Tray #1,,3,0,,,,,,,,,,
3198.278,1,Condition Event,Tray Entry no Increment Trial,,3,0,,,,,,,,,,
3198.278,4,Output Off Event,TrayLight #1,,3,0,,,,,,,,,,
3198.278,4,Output Off Event,Sound #1,,3,0,,,,,,,,,,
3198.278,4,Output Off Event,Sound #2,,3,0,,,,,,,,,,
3198.278,4,Output Off Event,Sound #3,,3,0,,,,,,,,,,
3198.278,7,Pulse Output Event,Sound_On #1,,3,1,Duration,0,,,,,,,,
3198.278,16,Variable Event,Correction_Trial,,3,1,Value,0,,,,,,,,
3198.278,21,Group Change Event,Group Change,,3,1,New Group,4,,,,,,,,
3199.115,39,Input Transition Off Event,Tray #1,,4,0,,,,,,,,,,
3199.115,1,Condition Event,Start Trial,,4,0,,,,,,,,,,
3199.115,16,Variable Event,Trial,,4,1,Value,5,,,,,,,,
3199.115,21,Group Change Event,Group Change,,4,1,New Group,5,,,,,,,,
3199.115,1,Condition Event,Set for Trial 5,,5,0,,,,,,,,,,
3199.115,16,Variable Event,Correct_Grid_Position,,5,1,Value,3,,,,,,,,
3199.115,16,Variable Event,Correct_Image,,5,1,Value,3,,,,,,,,
3199.115,16,Variable Event,Incorrect_Grid_Position,,5,1,Value,1,,,,,,,,
3199.115,16,Variable Event,Incorrect_Image,,5,1,Value,2,,,,,,,,
3199.115,21,Group Change Event,Group Change,,5,1,New Group,6,,,,,,,,
3199.115,1,Condition Event,Display Images,,6,0,,,,,,,,,,
3199.115,32,Whisker - Display Image,Bussey Mouse Operant Mode 3 x 1 x low,Images,6,2,Position,3,Image 3,2,,,,,,
3199.115,32,Whisker - Display Image,Bussey Mouse Operant Mode 3 x 1 x low,Images,6,2,Position,1,Image 2,1,,,,,,
3199.115,21,Group Change Event,Group Change,,6,1,New Group,7,,,,,,,,
3199.517,39,Input Transition Off Event,BIRBeam #1,,7,0,,,,,,,,,,
3199.782,38,Input Transition On Event,FIRBeam #1,,7,0,,,,,,,,,,
3200.148,30,Touch Down Event,Bussey Mouse Operant Mode 3 x 1 x low,,7,4,Position,3,Image 3,2,CoordX,114,CoordY,212,,
3200.149,1,Condition Event,Correct,,7,0,,,,,,,,,,
3200.149,32,Whisker - Display Image,Bussey Mouse Operant Mode 3 x 1 x low,Background,7,2,Position,3,Image 1,0,,,,,,
3200.149,32,Whisker - Display Image,Bussey Mouse Operant Mode 3 x 1 x low,Background,7,2,Position,1,Image 1,0,,,,,,
3200.149,7,Pulse Output Event,Feeder #1,,7,1,Duration,0.28,,,,,,,,
3200.149,3,Output On Event,TrayLight #1,,7,0,,,,,,,,,,
3200.149,16,Variable Event,Correction_Counter,,7,1,Value,0,,,,,,,,
3200.149,21,Group Change Event,Group Change,,7,1,New Group,19,,,,,,,,
3200.149,1,Condition Event,Reset Sound Levels to Zero,,19,0,,,,,,,,,,
3200.149,4,Output Off Event,Sound #1,,19,0,,,,,,,,,,
3200.149,4,Output Off Event,Sound #2,,19,0,,,,,,,,,,
3200.149,4,Output Off Event,Sound #3,,19,0,,,,,,,,,,
3200.149,21,Group Change Event,Group Change,,19,1,New Group,20,,,,,,,,
3200.149,1,Condition Event,Adjust Sound Level 2,,20,0,,,,,,,,,,
3200.149,3,Output On Event,Sound #2,,20,0,,,,,,,,,,
3200.149,1,Condition Event,NoTone Fall Through,,20,0,,,,,,,,,,
3200.149,21,Group Change Event,Group Change,,20,1,New Group,21,,,,,,,,
3200.149,1,Condition Event,Play Tone,,21,0,,,,,,,,,,
3200.149,7,Pulse Output Event,Sound_On #1,,21,1,Duration,1,,,,,,,,
3200.149,21,Group Change Event,Group Change,,21,1,New Group,8,,,,,,,,
3200.149,1,Condition Event,Increment counter,,8,0,,,,,,,,,,
3200.149,16,Variable Event,Correct_Counter,,8,1,Value,12,,,,,,,,
3200.149,16,Variable Event,First_Analysis,,8,1,Value,0,,,,,,,,
3200.149,61,Group Maintain Event,Group Change,,8,1,New Group,8,,,,,,,,
3200.225,31,Touch Up Event,Bussey Mouse Operant Mode 3 x 1 x low,,8,4,Position,3,Image 1,0,CoordX,78,CoordY,212,,
3200.428,39,Input Transition Off Event,FIRBeam #1,,8,0,,,,,,,,,,
3200.508,38,Input Transition On Event,FIRBeam #1,,8,0,,,,,,,,,,
3200.743,39,Input Transition Off Event,FIRBeam #1,,8,0,,,,,,,,,,
3200.872,38,Input Transition On Event,BIRBeam #1,,8,0,,,,,,,,,,
3201.153,38,Input Transition On Event,Tray #1,,8,0,,,,,,,,,,
3201.153,1,Condition Event,Reward Collected Start ITI,,8,0,,,,,,,,,,
3201.153,4,Output Off Event,TrayLight #1,,8,0,,,,,,,,,,
3201.153,29,Timer Event,ITI_Timer,,8,1,Value,0,,,,,,,,
3201.153,21,Group Change Event,Group Change,,8,1,New Group,9,,,,,,,,
3204.427,39,Input Transition Off Event,Tray #1,,9,0,,,,,,,,,,
3204.909,39,Input Transition Off Event,BIRBeam #1,,9,0,,,,,,,,,,
3205.297,38,Input Transition On Event,FIRBeam #1,,9,0,,,,,,,,,,
3208.454,39,Input Transition Off Event,FIRBeam #1,,9,0,,,,,,,,,,
3208.852,30,Touch Down Event,Bussey Mouse Operant Mode 3 x 1 x low,,9,4,Position,2,Image 1,0,CoordX,99,CoordY,80,,
3208.852,1,Condition Event,Centre Screen Touches,,9,0,,,,,,,,,,
3208.852,16,Variable Event,Centre_Touches_during_ITI,,9,1,Value,55,,,,,,,,
3208.852,61,Group Maintain Event,Group Change,,9,1,New Group,9,,,,,,,,
3209.185,31,Touch Up Event,Bussey Mouse Operant Mode 3 x 1 x low,,9,4,Position,2,Image 1,0,CoordX,99,CoordY,80,,
3209.332,38,Input Transition On Event,FIRBeam #1,,9,0,,,,,,,,,,
3213.103,39,Input Transition Off Event,FIRBeam #1,,9,0,,,,,,,,,,
3213.573,30,Touch Down Event,Bussey Mouse Operant Mode 3 x 1 x low,,9,4,Position,1,Image 1,0,CoordX,71,CoordY,174,,
3213.574,1,Condition Event,Left Screen Touches,,9,0,,,,,,,,,,
3213.574,16,Variable Event,Left_Touches_during_ITI,,9,1,Value,104,,,,,,,,
3213.574,61,Group Maintain Event,Group Change,,9,1,New Group,9,,,,,,,,
3213.748,31,Touch Up Event,Bussey Mouse Operant Mode 3 x 1 x low,,9,4,Position,1,Image 1,0,CoordX,71,CoordY,174,,
3213.894,38,Input Transition On Event,FIRBeam #1,,9,0,,,,,,,,,,
3214.006,39,Input Transition Off Event,FIRBeam #1,,9,0,,,,,,,,,,
3214.864,30,Touch Down Event,Bussey Mouse Operant Mode 3 x 1 x low,,9,4,Position,3,Image 1,0,CoordX,43,CoordY,212,,
3214.865,1,Condition Event,Right Screen Touches,,9,0,,,,,,,,,,
3214.865,16,Variable Event,Right_touches_during_ITI,,9,1,Value,49,,,,,,,,
3214.865,61,Group Maintain Event,Group Change,,9,1,New Group,9,,,,,,,,
3214.998,31,Touch Up Event,Bussey Mouse Operant Mode 3 x 1 x low,,9,4,Position,0,(NoImageOrVideo),-1,CoordX,559,CoordY,555,,
3215.042,38,Input Transition On Event,FIRBeam #1,,9,0,,,,,,,,,,
3216.718,39,Input Transition Off Event,FIRBeam #1,,9,0,,,,,,,,,,
3217.906,38,Input Transition On Event,FIRBeam #1,,9,0,,,,,,,,,,
3218.58,39,Input Transition Off Event,FIRBeam #1,,9,0,,,,,,,,,,
3219.415,38,Input Transition On Event,FIRBeam #1,,9,0,,,,,,,,,,
3219.607,39,Input Transition Off Event,FIRBeam #1,,9,0,,,,,,,,,,
3221.115,30,Touch Down Event,Bussey Mouse Operant Mode 3 x 1 x low,,9,4,Position,2,Image 1,0,CoordX,99,CoordY,154,,
3221.115,1,Condition Event,Centre Screen Touches,,9,0,,,,,,,,,,
3221.115,16,Variable Event,Centre_Touches_during_ITI,,9,1,Value,56,,,,,,,,
3221.115,61,Group Maintain Event,Group Change,,9,1,New Group,9,,,,,,,,
3221.153,1,Condition Event,Next trial,,9,0,,,,,,,,,,
3221.153,3,Output On Event,TrayLight #1,,9,0,,,,,,,,,,
3221.153,16,Variable Event,First_Trial,,9,1,Value,0,,,,,,,,
3221.153,16,Variable Event,First_Analysis,,9,1,Value,1,,,,,,,,
3221.153,16,Variable Event,ITI,,9,1,Value,20,,,,,,,,
3221.153,21,Group Change Event,Group Change,,9,1,New Group,15,,,,,,,,
3221.153,1,Condition Event,Next trial non corrected Trial,,15,0,,,,,,,,,,
3221.153,19,List Change - Next Value,Trial_Type,,15,2,Index,24,Value,4,,,,,,
3221.153,21,Group Change Event,Group Change,,15,1,New Group,3,,,,,,,,
3221.35,31,Touch Up Event,Bussey Mouse Operant Mode 3 x 1 x low,,3,4,Position,2,Image 1,0,CoordX,63,CoordY,118,,
3221.798,38,Input Transition On Event,FIRBeam #1,,3,0,,,,,,,,,,
3221.987,39,Input Transition Off Event,FIRBeam #1,,3,0,,,,,,,,,,
3222.127,38,Input Transition On Event,BIRBeam #1,,3,0,,,,,,,,,,
3222.557,38,Input Transition On Event,Tray #1,,3,0,,,,,,,,,,
3222.557,1,Condition Event,Tray Entry and Trial Increment,,3,0,,,,,,,,,,
3222.557,4,Output Off Event,TrayLight #1,,3,0,,,,,,,,,,
3222.557,4,Output Off Event,Sound #1,,3,0,,,,,,,,,,
3222.557,4,Output Off Event,Sound #2,,3,0,,,,,,,,,,
3222.557,4,Output Off Event,Sound #3,,3,0,,,,,,,,,,
3222.557,7,Pulse Output Event,Sound_On #1,,3,1,Duration,0,,,,,,,,
3222.557,16,Variable Event,_Trial_Counter,,3,1,Value,20,,,,,,,,
3222.557,16,Variable Event,Correct_Percent,,3,1,Value,12,,,,,,,,
3222.557,16,Variable Event,Correct_Percent,,3,1,Value,0.6,,,,,,,,
3222.557,16,Variable Event,Correct_Percent,,3,1,Value,60,,,,,,,,
3222.557,21,Group Change Event,Group Change,,3,1,New Group,4,,,,,,,,
3224.078,39,Input Transition Off Event,Tray #1,,4,0,,,,,,,,,,
3224.078,1,Condition Event,Start Trial,,4,0,,,,,,,,,,
3224.078,16,Variable Event,Trial,,4,1,Value,4,,,,,,,,
3224.078,21,Group Change Event,Group Change,,4,1,New Group,5,,,,,,,,
3224.078,1,Condition Event,Set for Trial 4,,5,0,,,,,,,,,,
3224.078,16,Variable Event,Correct_Grid_Position,,5,1,Value,2,,,,,,,,
3224.078,16,Variable Event,Correct_Image,,5,1,Value,2,,,,,,,,
3224.078,16,Variable Event,Incorrect_Grid_Position,,5,1,Value,3,,,,,,,,
3224.078,16,Variable Event,Incorrect_Image,,5,1,Value,1,,,,,,,,
3224.078,21,Group Change Event,Group Change,,5,1,New Group,6,,,,,,,,
3224.078,1,Condition Event,Display Images,,6,0,,,,,,,,,,
3224.078,32,Whisker - Display Image,Bussey Mouse Operant Mode 3 x 1 x low,Images,6,2,Position,2,Image 2,1,,,,,,
3224.078,32,Whisker - Display Image,Bussey Mouse Operant Mode 3 x 1 x low,Images,6,2,Position,3,Image 1,0,,,,,,
3224.078,21,Group Change Event,Group Change,,6,1,New Group,7,,,,,,,,
3224.529,39,Input Transition Off Event,BIRBeam #1,,7,0,,,,,,,,,,
3224.707,38,Input Transition On Event,FIRBeam #1,,7,0,,,,,,,,,,
3225.453,39,Input Transition Off Event,FIRBeam #1,,7,0,,,,,,,,,,
3226.194,30,Touch Down Event,Bussey Mouse Operant Mode 3 x 1 x low,,7,4,Position,3,Image 1,0,CoordX,181,CoordY,144,,
3226.194,1,Condition Event,Incorrect,,7,0,,,,,,,,,,
3226.194,32,Whisker - Display Image,Bussey Mouse Operant Mode 3 x 1 x low,Background,7,2,Position,2,Image 1,0,,,,,,
3226.194,32,Whisker - Display Image,Bussey Mouse Operant Mode 3 x 1 x low,Background,7,2,Position,3,Image 1,0,,,,,,
3226.194,3,Output On Event,Sound #1,,7,0,,,,,,,,,,
3226.194,3,Output On Event,Sound #2,,7,0,,,,,,,,,,
3226.194,3,Output On Event,Sound #3,,7,0,,,,,,,,,,
3226.194,7,Pulse Output Event,Sound_On #1,,7,1,Duration,0,,,,,,,,
3226.194,29,Timer Event,Time_Out_Timer,,7,1,Value,0,,,,,,,,
3226.194,21,Group Change Event,Group Change,,7,1,New Group,10,,,,,,,,
3226.194,1,Condition Event,TO Houselight On,,10,0,,,,,,,,,,
3226.194,3,Output On Event,HouseLight #1,,10,0,,,,,,,,,,
3226.194,21,Group Change Event,Group Change,,10,1,New Group,11,,,,,,,,
3226.194,1,Condition Event,Not correcting,,11,0,,,,,,,,,,
3226.194,16,Variable Event,Increment_this_trial,,11,1,Value,1,,,,,,,,
3226.194,21,Group Change Event,Group Change,,11,1,New Group,12,,,,,,,,
3226.194,1,Condition Event,Incorrect Trails to Correction Trial,,12,0,,,,,,,,,,
3226.194,16,Variable Event,Correction_Counter,,12,1,Value,1,,,,,,,,
3226.194,21,Group Change Event,Group Change,,12,1,New Group,18,,,,,,,,
3226.194,1,Condition Event,Change ITI time,,18,0,,,,,,,,,,
3226.194,16,Variable Event,ITI,,18,1,Value,20,,,,,,,,
3226.194,21,Group Change Event,Group Change,,18,1,New Group,13,,,,,,,,
3226.987,31,Touch Up Event,Bussey Mouse Operant Mode 3 x 1 x low,,13,4,Position,3,Image 1,0,CoordX,43,CoordY,193,,
3227.047,30,Touch Down Event,Bussey Mouse Operant Mode 3 x 1 x low,,13,4,Position,0,(NoImageOrVideo),-1,CoordX,549,CoordY,555,,
3227.201,31,Touch Up Event,Bussey Mouse Operant Mode 3 x 1 x low,,13,4,Position,3,Image 1,0,CoordX,11,CoordY,212,,
3227.301,38,Input Transition On Event,FIRBeam #1,,13,0,,,,,,,,,,
3228.159,39,Input Transition Off Event,FIRBeam #1,,13,0,,,,,,,,,,
3228.466,38,Input Transition On Event,FIRBeam #1,,13,0,,,,,,,,,,
3231.083,39,Input Transition Off Event,FIRBeam #1,,13,0,,,,,,,,,,
3231.194,1,Condition Event,Time Out End,,13,0,,,,,,,,,,
3231.194,29,Timer Event,ITI_Timer,,13,1,Value,0,,,,,,,,
3231.194,21,Group Change Event,Group Change,,13,1,New Group,14,,,,,,,,
3231.194,1,Condition Event,Reset Houselight off,,14,0,,,,,,,,,,
3231.194,4,Output Off Event,HouseLight #1,,14,0,,,,,,,,,,
3231.194,21,Group Change Event,Group Change,,14,1,New Group,9,,,,,,,,
3231.231,38,Input Transition On Event,BIRBeam #1,,9,0,,,,,,,,,,
3231.491,38,Input Transition On Event,Tray #1,,9,0,,,,,,,,,,
3231.51,39,Input Transition Off Event,Tray #1,,9,0,,,,,,,,,,
3231.529,38,Input Transition On Event,Tray #1,,9,0,,,,,,,,,,
3232.126,39,Input Transition Off Event,Tray #1,,9,0,,,,,,,,,,
3232.924,39,Input Transition Off Event,BIRBeam #1,,9,0,,,,,,,,,,
3235,38,Input Transition On Event,FIRBeam #1,,9,0,,,,,,,,,,
3236.951,39,Input Transition Off Event,FIRBeam #1,,9,0,,,,,,,,,,
3237.103,38,Input Transition On Event,BIRBeam #1,,9,0,,,,,,,,,,
3237.444,39,Input Transition Off Event,BIRBeam #1,,9,0,,,,,,,,,,
3238.992,38,Input Transition On Event,Tray #1,,9,0,,,,,,,,,,
3239.014,38,Input Transition On Event,BIRBeam #1,,9,0,,,,,,,,,,
3239.254,39,Input Transition Off Event,Tray #1,,9,0,,,,,,,,,,
3239.309,38,Input Transition On Event,Tray #1,,9,0,,,,,,,,,,
3240.722,39,Input Transition Off Event,Tray #1,,9,0,,,,,,,,,,
3241.025,39,Input Transition Off Event,BIRBeam #1,,9,0,,,,,,,,,,
3241.37,38,Input Transition On Event,FIRBeam #1,,9,0,,,,,,,,,,
3241.936,39,Input Transition Off Event,FIRBeam #1,,9,0,,,,,,,,,,
3243.075,38,Input Transition On Event,FIRBeam #1,,9,0,,,,,,,,,,
3243.359,39,Input Transition Off Event,FIRBeam #1,,9,0,,,,,,,,,,
3243.522,38,Input Transition On Event,BIRBeam #1,,9,0,,,,,,,,,,
3244.164,38,Input Transition On Event,Tray #1,,9,0,,,,,,,,,,
3244.696,39,Input Transition Off Event,Tray #1,,9,0,,,,,,,,,,
3245.213,39,Input Transition Off Event,BIRBeam #1,,9,0,,,,,,,,,,
3246.204,38,Input Transition On Event,FIRBeam #1,,9,0,,,,,,,,,,
3247.151,39,Input Transition Off Event,FIRBeam #1,,9,0,,,,,,,,,,
3247.891,30,Touch Down Event,Bussey Mouse Operant Mode 3 x 1 x low,,9,4,Position,1,Image 1,0,CoordX,103,CoordY,135,,
3247.891,1,Condition Event,Left Screen Touches,,9,0,,,,,,,,,,
3247.891,16,Variable Event,Left_Touches_during_ITI,,9,1,Value,105,,,,,,,,
3247.891,61,Group Maintain Event,Group Change,,9,1,New Group,9,,,,,,,,
3248.067,31,Touch Up Event,Bussey Mouse Operant Mode 3 x 1 x low,,9,4,Position,1,Image 1,0,CoordX,138,CoordY,135,,
3248.777,30,Touch Down Event,Bussey Mouse Operant Mode 3 x 1 x low,,9,4,Position,1,Image 1,0,CoordX,205,CoordY,154,,
3248.777,1,Condition Event,Left Screen Touches,,9,0,,,,,,,,,,
3248.777,16,Variable Event,Left_Touches_during_ITI,,9,1,Value,106,,,,,,,,
3248.777,61,Group Maintain Event,Group Change,,9,1,New Group,9,,,,,,,,
3248.913,31,Touch Up Event,Bussey Mouse Operant Mode 3 x 1 x low,,9,4,Position,1,Image 1,0,CoordX,205,CoordY,174,,
3249.105,38,Input Transition On Event,FIRBeam #1,,9,0,,,,,,,,,,
3249.263,39,Input Transition Off Event,FIRBeam #1,,9,0,,,,,,,,,,
3250.169,38,Input Transition On Event,FIRBeam #1,,9,0,,,,,,,,,,
3250.935,39,Input Transition Off Event,FIRBeam #1,,9,0,,,,,,,,,,
3251.194,1,Condition Event,Next trial,,9,0,,,,,,,,,,
3251.194,3,Output On Event,TrayLight #1,,9,0,,,,,,,,,,
3251.194,16,Variable Event,First_Trial,,9,1,Value,0,,,,,,,,
3251.194,16,Variable Event,First_Analysis,,9,1,Value,1,,,,,,,,
3251.194,16,Variable Event,ITI,,9,1,Value,20,,,,,,,,
3251.194,21,Group Change Event,Group Change,,9,1,New Group,15,,,,,,,,
3251.194,1,Condition Event,Start Correction Trial,,15,0,,,,,,,,,,
3251.194,16,Variable Event,Correction_Trial,,15,1,Value,1,,,,,,,,
3251.194,21,Group Change Event,Group Change,,15,1,New Group,16,,,,,,,,
3251.702,38,Input Transition On Event,FIRBeam #1,,16,0,,,,,,,,,,
3251.902,39,Input Transition Off Event,FIRBeam #1,,16,0,,,,,,,,,,
3252.039,38,Input Transition On Event,BIRBeam #1,,16,0,,,,,,,,,,
3252.392,39,Input Transition Off Event,BIRBeam #1,,16,0,,,,,,,,,,
3253.291,38,Input Transition On Event,BIRBeam #1,,16,0,,,,,,,,,,
3253.816,38,Input Transition On Event,Tray #1,,16,0,,,,,,,,,,
3253.816,1,Condition Event,Tray Entry Noted Trial Increment,,16,0,,,,,,,,,,
3253.816,4,Output Off Event,TrayLight #1,,16,0,,,,,,,,,,
3253.816,4,Output Off Event,Sound #1,,16,0,,,,,,,,,,
3253.816,4,Output Off Event,Sound #2,,16,0,,,,,,,,,,
3253.816,4,Output Off Event,Sound #3,,16,0,,,,,,,,,,
3253.816,7,Pulse Output Event,Sound_On #1,,16,1,Duration,0,,,,,,,,
3253.816,16,Variable Event,_Trial_Counter,,16,1,Value,21,,,,,,,,
3253.816,16,Variable Event,Correct_Percent,,16,1,Value,12,,,,,,,,
3253.816,16,Variable Event,Correct_Percent,,16,1,Value,0.571,,,,,,,,
3253.816,16,Variable Event,Correct_Percent,,16,1,Value,57.143,,,,,,,,
3253.816,21,Group Change Event,Group Change,,16,1,New Group,17,,,,,,,,
3254.126,39,Input Transition Off Event,Tray #1,,17,0,,,,,,,,,,
3254.126,1,Condition Event,Tray Exit Starts Correction Trial,,17,0,,,,,,,,,,
3254.126,16,Variable Event,Total_No_Correction_Trials,,17,1,Value,50,,,,,,,,
3254.126,21,Group Change Event,Group Change,,17,1,New Group,6,,,,,,,,
3254.126,1,Condition Event,Display Images,,6,0,,,,,,,,,,
3254.126,32,Whisker - Display Image,Bussey Mouse Operant Mode 3 x 1 x low,Images,6,2,Position,2,Image 2,1,,,,,,
3254.126,32,Whisker - Display Image,Bussey Mouse Operant Mode 3 x 1 x low,Images,6,2,Position,3,Image 1,0,,,,,,
3254.126,21,Group Change Event,Group Change,,6,1,New Group,7,,,,,,,,
3254.341,39,Input Transition Off Event,BIRBeam #1,,7,0,,,,,,,,,,
3254.605,38,Input Transition On Event,FIRBeam #1,,7,0,,,,,,,,,,
3255.584,39,Input Transition Off Event,FIRBeam #1,,7,0,,,,,,,,,,
3255.616,30,Touch Down Event,Bussey Mouse Operant Mode 3 x 1 x low,,7,4,Position,2,Image 2,1,CoordX,152,CoordY,193,,
3255.617,1,Condition Event,Correct,,7,0,,,,,,,,,,
3255.617,32,Whisker - Display Image,Bussey Mouse Operant Mode 3 x 1 x low,Background,7,2,Position,2,Image 1,0,,,,,,
3255.617,32,Whisker - Display Image,Bussey Mouse Operant Mode 3 x 1 x low,Background,7,2,Position,3,Image 1,0,,,,,,
3255.617,7,Pulse Output Event,Feeder #1,,7,1,Duration,0.28,,,,,,,,
3255.617,3,Output On Event,TrayLight #1,,7,0,,,,,,,,,,
3255.617,16,Variable Event,Correction_Counter,,7,1,Value,0,,,,,,,,
3255.617,21,Group Change Event,Group Change,,7,1,New Group,19,,,,,,,,
3255.617,1,Condition Event,Reset Sound Levels to Zero,,19,0,,,,,,,,,,
3255.617,4,Output Off Event,Sound #1,,19,0,,,,,,,,,,
3255.617,4,Output Off Event,Sound #2,,19,0,,,,,,,,,,
3255.617,4,Output Off Event,Sound #3,,19,0,,,,,,,,,,
3255.617,21,Group Change Event,Group Change,,19,1,New Group,20,,,,,,,,
3255.617,1,Condition Event,Adjust Sound Level 2,,20,0,,,,,,,,,,
3255.617,3,Output On Event,Sound #2,,20,0,,,,,,,,,,
3255.617,1,Condition Event,NoTone Fall Through,,20,0,,,,,,,,,,
3255.617,21,Group Change Event,Group Change,,20,1,New Group,21,,,,,,,,
3255.617,1,Condition Event,Play Tone,,21,0,,,,,,,,,,
3255.617,7,Pulse Output Event,Sound_On #1,,21,1,Duration,1,,,,,,,,
3255.617,21,Group Change Event,Group Change,,21,1,New Group,8,,,,,,,,
3255.617,1,Condition Event,Reset Correction Flag,,8,0,,,,,,,,,,
3255.617,16,Variable Event,Sequential_Correction_Trials,,8,1,Value,0,,,,,,,,
3255.617,16,Variable Event,Correction_Trial_Correct_Counter,,8,1,Value,9,,,,,,,,
3255.617,16,Variable Event,First_Analysis,,8,1,Value,0,,,,,,,,
3255.617,61,Group Maintain Event,Group Change,,8,1,New Group,8,,,,,,,,
3255.674,31,Touch Up Event,Bussey Mouse Operant Mode 3 x 1 x low,,8,4,Position,2,Image 1,0,CoordX,134,CoordY,193,,
3255.859,38,Input Transition On Event,FIRBeam #1,,8,0,,,,,,,,,,
3256.098,39,Input Transition Off Event,FIRBeam #1,,8,0,,,,,,,,,,
3256.22,38,Input Transition On Event,BIRBeam #1,,8,0,,,,,,,,,,
3256.451,38,Input Transition On Event,Tray #1,,8,0,,,,,,,,,,
3256.451,1,Condition Event,Reward Collected Start ITI,,8,0,,,,,,,,,,
3256.451,4,Output Off Event,TrayLight #1,,8,0,,,,,,,,,,
3256.451,29,Timer Event,ITI_Timer,,8,1,Value,0,,,,,,,,
3256.451,21,Group Change Event,Group Change,,8,1,New Group,9,,,,,,,,
3259.096,39,Input Transition Off Event,Tray #1,,9,0,,,,,,,,,,
3259.583,39,Input Transition Off Event,BIRBeam #1,,9,0,,,,,,,,,,
3260.138,38,Input Transition On Event,FIRBeam #1,,9,0,,,,,,,,,,
3261.412,39,Input Transition Off Event,FIRBeam #1,,9,0,,,,,,,,,,
3262.393,38,Input Transition On Event,FIRBeam #1,,9,0,,,,,,,,,,
3265.343,39,Input Transition Off Event,FIRBeam #1,,9,0,,,,,,,,,,
3266.687,30,Touch Down Event,Bussey Mouse Operant Mode 3 x 1 x low,,9,4,Position,1,Image 1,0,CoordX,71,CoordY,174,,
3266.688,1,Condition Event,Left Screen Touches,,9,0,,,,,,,,,,
3266.688,16,Variable Event,Left_Touches_during_ITI,,9,1,Value,107,,,,,,,,
3266.688,61,Group Maintain Event,Group Change,,9,1,New Group,9,,,,,,,,
3266.745,31,Touch Up Event,Bussey Mouse Operant Mode 3 x 1 x low,,9,4,Position,1,Image 1,0,CoordX,85,CoordY,212,,
3267.766,30,Touch Down Event,Bussey Mouse Operant Mode 3 x 1 x low,,9,4,Position,2,Image 1,0,CoordX,166,CoordY,212,,
3267.766,1,Condition Event,Centre Screen Touches,,9,0,,,,,,,,,,
3267.766,16,Variable Event,Centre_Touches_during_ITI,,9,1,Value,57,,,,,,,,
3267.766,61,Group Maintain Event,Group Change,,9,1,New Group,9,,,,,,,,
3267.786,31,Touch Up Event,Bussey Mouse Operant Mode 3 x 1 x low,,9,4,Position,2,Image 1,0,CoordX,166,CoordY,212,,
3267.938,38,Input Transition On Event,FIRBeam #1,,9,0,,,,,,,,,,
3268.019,39,Input Transition Off Event,FIRBeam #1,,9,0,,,,,,,,,,
3268.765,30,Touch Down Event,Bussey Mouse Operant Mode 3 x 1 x low,,9,4,Position,1,Image 1,0,CoordX,53,CoordY,118,,
3268.765,1,Condition Event,Left Screen Touches,,9,0,,,,,,,,,,
3268.765,16,Variable Event,Left_Touches_during_ITI,,9,1,Value,108,,,,,,,,
3268.765,61,Group Maintain Event,Group Change,,9,1,New Group,9,,,,,,,,
3269.52,31,Touch Up Event,Bussey Mouse Operant Mode 3 x 1 x low,,9,4,Position,1,Image 1,0,CoordX,36,CoordY,118,,
3269.599,30,Touch Down Event,Bussey Mouse Operant Mode 3 x 1 x low,,9,4,Position,1,Image 1,0,CoordX,103,CoordY,154,,
3269.599,1,Condition Event,Left Screen Touches,,9,0,,,,,,,,,,
3269.599,16,Variable Event,Left_Touches_during_ITI,,9,1,Value,109,,,,,,,,
3269.599,61,Group Maintain Event,Group Change,,9,1,New Group,9,,,,,,,,
3269.678,31,Touch Up Event,Bussey Mouse Operant Mode 3 x 1 x low,,9,4,Position,1,Image 1,0,CoordX,103,CoordY,154,,
3269.717,30,Touch Down Event,Bussey Mouse Operant Mode 3 x 1 x low,,9,4,Position,1,Image 1,0,CoordX,173,CoordY,174,,
3269.717,1,Condition Event,Left Screen Touches,,9,0,,,,,,,,,,
3269.717,16,Variable Event,Left_Touches_during_ITI,,9,1,Value,110,,,,,,,,
3269.717,61,Group Maintain Event,Group Change,,9,1,New Group,9,,,,,,,,
3269.756,31,Touch Up Event,Bussey Mouse Operant Mode 3 x 1 x low,,9,4,Position,1,Image 1,0,CoordX,187,CoordY,174,,
3269.896,30,Touch Down Event,Bussey Mouse Operant Mode 3 x 1 x low,,9,4,Position,1,Image 1,0,CoordX,205,CoordY,174,,
3269.896,1,Condition Event,Left Screen Touches,,9,0,,,,,,,,,,
3269.896,16,Variable Event,Left_Touches_during_ITI,,9,1,Value,111,,,,,,,,
3269.896,61,Group Maintain Event,Group Change,,9,1,New Group,9,,,,,,,,
3270.069,31,Touch Up Event,Bussey Mouse Operant Mode 3 x 1 x low,,9,4,Position,1,Image 1,0,CoordX,173,CoordY,212,,
3272.288,30,Touch Down Event,Bussey Mouse Operant Mode 3 x 1 x low,,9,4,Position,1,Image 1,0,CoordX,85,CoordY,106,,
3272.288,1,Condition Event,Left Screen Touches,,9,0,,,,,,,,,,
3272.288,16,Variable Event,Left_Touches_during_ITI,,9,1,Value,112,,,,,,,,
3272.288,61,Group Maintain Event,Group Change,,9,1,New Group,9,,,,,,,,
3272.543,31,Touch Up Event,Bussey Mouse Operant Mode 3 x 1 x low,,9,4,Position,1,Image 1,0,CoordX,138,CoordY,212,,
3273.642,30,Touch Down Event,Bussey Mouse Operant Mode 3 x 1 x low,,9,4,Position,3,Image 1,0,CoordX,146,CoordY,212,,
3273.642,1,Condition Event,Right Screen Touches,,9,0,,,,,,,,,,
3273.642,16,Variable Event,Right_touches_during_ITI,,9,1,Value,50,,,,,,,,
3273.642,61,Group Maintain Event,Group Change,,9,1,New Group,9,,,,,,,,
3274.365,31,Touch Up Event,Bussey Mouse Operant Mode 3 x 1 x low,,9,4,Position,3,Image 1,0,CoordX,96,CoordY,154,,
3275.414,30,Touch Down Event,Bussey Mouse Operant Mode 3 x 1 x low,,9,4,Position,2,Image 1,0,CoordX,14,CoordY,99,,
3275.414,1,Condition Event,Centre Screen Touches,,9,0,,,,,,,,,,
3275.414,16,Variable Event,Centre_Touches_during_ITI,,9,1,Value,58,,,,,,,,
3275.414,61,Group Maintain Event,Group Change,,9,1,New Group,9,,,,,,,,
3275.572,31,Touch Up Event,Bussey Mouse Operant Mode 3 x 1 x low,,9,4,Position,2,Image 1,0,CoordX,14,CoordY,99,,
3276.451,1,Condition Event,Next trial,,9,0,,,,,,,,,,
3276.451,3,Output On Event,TrayLight #1,,9,0,,,,,,,,,,
3276.451,16,Variable Event,First_Trial,,9,1,Value,0,,,,,,,,
3276.451,16,Variable Event,First_Analysis,,9,1,Value,1,,,,,,,,
3276.451,16,Variable Event,ITI,,9,1,Value,20,,,,,,,,
3276.451,21,Group Change Event,Group Change,,9,1,New Group,15,,,,,,,,
3276.451,1,Condition Event,Next trial non corrected Trial,,15,0,,,,,,,,,,
3276.451,19,List Change - Next Value,Trial_Type,,15,2,Index,2,Value,1,,,,,,
3276.451,21,Group Change Event,Group Change,,15,1,New Group,3,,,,,,,,
3276.673,38,Input Transition On Event,FIRBeam #1,,3,0,,,,,,,,,,
3276.883,39,Input Transition Off Event,FIRBeam #1,,3,0,,,,,,,,,,
3276.994,38,Input Transition On Event,BIRBeam #1,,3,0,,,,,,,,,,
3277.576,38,Input Transition On Event,Tray #1,,3,0,,,,,,,,,,
3277.576,1,Condition Event,Tray Entry no Increment Trial,,3,0,,,,,,,,,,
3277.576,4,Output Off Event,TrayLight #1,,3,0,,,,,,,,,,
3277.576,4,Output Off Event,Sound #1,,3,0,,,,,,,,,,
3277.576,4,Output Off Event,Sound #2,,3,0,,,,,,,,,,
3277.576,4,Output Off Event,Sound #3,,3,0,,,,,,,,,,
3277.576,7,Pulse Output Event,Sound_On #1,,3,1,Duration,0,,,,,,,,
3277.576,16,Variable Event,Correction_Trial,,3,1,Value,0,,,,,,,,
3277.576,21,Group Change Event,Group Change,,3,1,New Group,4,,,,,,,,
3280.475,39,Input Transition Off Event,Tray #1,,4,0,,,,,,,,,,
3280.475,1,Condition Event,Start Trial,,4,0,,,,,,,,,,
3280.475,16,Variable Event,Trial,,4,1,Value,1,,,,,,,,
3280.475,21,Group Change Event,Group Change,,4,1,New Group,5,,,,,,,,
3280.475,1,Condition Event,Set for Trial 1,,5,0,,,,,,,,,,
3280.475,16,Variable Event,Correct_Grid_Position,,5,1,Value,1,,,,,,,,
3280.475,16,Variable Event,Correct_Image,,5,1,Value,1,,,,,,,,
3280.475,16,Variable Event,Incorrect_Grid_Position,,5,1,Value,2,,,,,,,,
3280.475,16,Variable Event,Incorrect_Image,,5,1,Value,3,,,,,,,,
3280.475,21,Group Change Event,Group Change,,5,1,New Group,6,,,,,,,,
3280.475,1,Condition Event,Display Images,,6,0,,,,,,,,,,
3280.475,32,Whisker - Display Image,Bussey Mouse Operant Mode 3 x 1 x low,Images,6,2,Position,1,Image 1,0,,,,,,
3280.475,32,Whisker - Display Image,Bussey Mouse Operant Mode 3 x 1 x low,Images,6,2,Position,2,Image 3,2,,,,,,
3280.475,21,Group Change Event,Group Change,,6,1,New Group,7,,,,,,,,
3281.011,39,Input Transition Off Event,BIRBeam #1,,7,0,,,,,,,,,,
3281.247,38,Input Transition On Event,FIRBeam #1,,7,0,,,,,,,,,,
3281.614,30,Touch Down Event,Bussey Mouse Operant Mode 3 x 1 x low,,7,4,Position,2,Image 3,2,CoordX,152,CoordY,212,,
3281.615,1,Condition Event,Incorrect,,7,0,,,,,,,,,,
3281.615,32,Whisker - Display Image,Bussey Mouse Operant Mode 3 x 1 x low,Background,7,2,Position,1,Image 1,0,,,,,,
3281.615,32,Whisker - Display Image,Bussey Mouse Operant Mode 3 x 1 x low,Background,7,2,Position,2,Image 1,0,,,,,,
3281.615,3,Output On Event,Sound #1,,7,0,,,,,,,,,,
3281.615,3,Output On Event,Sound #2,,7,0,,,,,,,,,,
3281.615,3,Output On Event,Sound #3,,7,0,,,,,,,,,,
3281.615,7,Pulse Output Event,Sound_On #1,,7,1,Duration,0,,,,,,,,
3281.615,29,Timer Event,Time_Out_Timer,,7,1,Value,0,,,,,,,,
3281.615,21,Group Change Event,Group Change,,7,1,New Group,10,,,,,,,,
3281.615,1,Condition Event,TO Houselight On,,10,0,,,,,,,,,,
3281.615,3,Output On Event,HouseLight #1,,10,0,,,,,,,,,,
3281.615,21,Group Change Event,Group Change,,10,1,New Group,11,,,,,,,,
3281.615,1,Condition Event,Not correcting,,11,0,,,,,,,,,,
3281.615,16,Variable Event,Increment_this_trial,,11,1,Value,1,,,,,,,,
3281.615,21,Group Change Event,Group Change,,11,1,New Group,12,,,,,,,,
3281.615,1,Condition Event,Incorrect Trails to Correction Trial,,12,0,,,,,,,,,,
3281.615,16,Variable Event,Correction_Counter,,12,1,Value,1,,,,,,,,
3281.615,21,Group Change Event,Group Change,,12,1,New Group,18,,,,,,,,
3281.615,1,Condition Event,Change ITI time,,18,0,,,,,,,,,,
3281.615,16,Variable Event,ITI,,18,1,Value,20,,,,,,,,
3281.615,21,Group Change Event,Group Change,,18,1,New Group,13,,,,,,,,
3281.64,31,Touch Up Event,Bussey Mouse Operant Mode 3 x 1 x low,,13,4,Position,2,Image 1,0,CoordX,152,CoordY,212,,
3281.654,30,Touch Down Event,Bussey Mouse Operant Mode 3 x 1 x low,,13,4,Position,2,Image 1,0,CoordX,134,CoordY,212,,
3281.674,31,Touch Up Event,Bussey Mouse Operant Mode 3 x 1 x low,,13,4,Position,2,Image 1,0,CoordX,134,CoordY,212,,
3281.678,39,Input Transition Off Event,FIRBeam #1,,13,0,,,,,,,,,,
3282.652,30,Touch Down Event,Bussey Mouse Operant Mode 3 x 1 x low,,13,4,Position,3,Image 1,0,CoordX,43,CoordY,154,,
3282.964,31,Touch Up Event,Bussey Mouse Operant Mode 3 x 1 x low,,13,4,Position,3,Image 1,0,CoordX,43,CoordY,193,,
3284.068,38,Input Transition On Event,FIRBeam #1,,13,0,,,,,,,,,,
3284.421,39,Input Transition Off Event,FIRBeam #1,,13,0,,,,,,,,,,
3284.636,38,Input Transition On Event,BIRBeam #1,,13,0,,,,,,,,,,
3285.015,38,Input Transition On Event,Tray #1,,13,0,,,,,,,,,,
3285.041,39,Input Transition Off Event,Tray #1,,13,0,,,,,,,,,,
3285.1,38,Input Transition On Event,Tray #1,,13,0,,,,,,,,,,
3286.594,39,Input Transition Off Event,Tray #1,,13,0,,,,,,,,,,
3286.615,1,Condition Event,Time Out End,,13,0,,,,,,,,,,
3286.615,29,Timer Event,ITI_Timer,,13,1,Value,0,,,,,,,,
3286.615,21,Group Change Event,Group Change,,13,1,New Group,14,,,,,,,,
3286.615,1,Condition Event,Reset Houselight off,,14,0,,,,,,,,,,
3286.615,4,Output Off Event,HouseLight #1,,14,0,,,,,,,,,,
3286.615,21,Group Change Event,Group Change,,14,1,New Group,9,,,,,,,,
3287.815,39,Input Transition Off Event,BIRBeam #1,,9,0,,,,,,,,,,
3288.189,38,Input Transition On Event,FIRBeam #1,,9,0,,,,,,,,,,
3290.051,39,Input Transition Off Event,FIRBeam #1,,9,0,,,,,,,,,,
3291.137,38,Input Transition On Event,FIRBeam #1,,9,0,,,,,,,,,,
3291.697,39,Input Transition Off Event,FIRBeam #1,,9,0,,,,,,,,,,
3291.702,30,Touch Down Event,Bussey Mouse Operant Mode 3 x 1 x low,,9,4,Position,0,(NoImageOrVideo),-1,CoordX,559,CoordY,555,,
3291.839,31,Touch Up Event,Bussey Mouse Operant Mode 3 x 1 x low,,9,4,Position,3,Image 1,0,CoordX,17,CoordY,223,,
3291.872,38,Input Transition On Event,FIRBeam #1,,9,0,,,,,,,,,,
3292.236,39,Input Transition Off Event,FIRBeam #1,,9,0,,,,,,,,,,
3296.302,38,Input Transition On Event,FIRBeam #1,,9,0,,,,,,,,,,
3297.358,39,Input Transition Off Event,FIRBeam #1,,9,0,,,,,,,,,,
3297.479,38,Input Transition On Event,FIRBeam #1,,9,0,,,,,,,,,,
3298.076,39,Input Transition Off Event,FIRBeam #1,,9,0,,,,,,,,,,
3299.662,38,Input Transition On Event,FIRBeam #1,,9,0,,,,,,,,,,
3300.251,39,Input Transition Off Event,FIRBeam #1,,9,0,,,,,,,,,,
3302.73,38,Input Transition On Event,FIRBeam #1,,9,0,,,,,,,,,,
3304.518,39,Input Transition Off Event,FIRBeam #1,,9,0,,,,,,,,,,
3304.726,38,Input Transition On Event,BIRBeam #1,,9,0,,,,,,,,,,
3304.964,39,Input Transition Off Event,BIRBeam #1,,9,0,,,,,,,,,,
3305.492,38,Input Transition On Event,BIRBeam #1,,9,0,,,,,,,,,,
3306.095,39,Input Transition Off Event,BIRBeam #1,,9,0,,,,,,,,,,
3306.615,1,Condition Event,Next trial,,9,0,,,,,,,,,,
3306.615,3,Output On Event,TrayLight #1,,9,0,,,,,,,,,,
3306.615,16,Variable Event,First_Trial,,9,1,Value,0,,,,,,,,
3306.615,16,Variable Event,First_Analysis,,9,1,Value,1,,,,,,,,
3306.615,16,Variable Event,ITI,,9,1,Value,20,,,,,,,,
3306.615,21,Group Change Event,Group Change,,9,1,New Group,15,,,,,,,,
3306.615,1,Condition Event,Start Correction Trial,,15,0,,,,,,,,,,
3306.615,16,Variable Event,Correction_Trial,,15,1,Value,1,,,,,,,,
3306.615,21,Group Change Event,Group Change,,15,1,New Group,16,,,,,,,,
3308.04,38,Input Transition On Event,BIRBeam #1,,16,0,,,,,,,,,,
3308.219,38,Input Transition On Event,Tray #1,,16,0,,,,,,,,,,
3308.219,1,Condition Event,Tray Entry Noted Trial Increment,,16,0,,,,,,,,,,
3308.219,4,Output Off Event,TrayLight #1,,16,0,,,,,,,,,,
3308.219,4,Output Off Event,Sound #1,,16,0,,,,,,,,,,
3308.219,4,Output Off Event,Sound #2,,16,0,,,,,,,,,,
3308.219,4,Output Off Event,Sound #3,,16,0,,,,,,,,,,
3308.219,7,Pulse Output Event,Sound_On #1,,16,1,Duration,0,,,,,,,,
3308.219,16,Variable Event,_Trial_Counter,,16,1,Value,22,,,,,,,,
3308.219,16,Variable Event,Correct_Percent,,16,1,Value,12,,,,,,,,
3308.219,16,Variable Event,Correct_Percent,,16,1,Value,0.545,,,,,,,,
3308.219,16,Variable Event,Correct_Percent,,16,1,Value,54.545,,,,,,,,
3308.219,21,Group Change Event,Group Change,,16,1,New Group,17,,,,,,,,
3308.994,39,Input Transition Off Event,Tray #1,,17,0,,,,,,,,,,
3308.994,1,Condition Event,Tray Exit Starts Correction Trial,,17,0,,,,,,,,,,
3308.994,16,Variable Event,Total_No_Correction_Trials,,17,1,Value,51,,,,,,,,
3308.994,21,Group Change Event,Group Change,,17,1,New Group,6,,,,,,,,
3308.995,1,Condition Event,Display Images,,6,0,,,,,,,,,,
3308.995,32,Whisker - Display Image,Bussey Mouse Operant Mode 3 x 1 x low,Images,6,2,Position,1,Image 1,0,,,,,,
3308.995,32,Whisker - Display Image,Bussey Mouse Operant Mode 3 x 1 x low,Images,6,2,Position,2,Image 3,2,,,,,,
3308.995,21,Group Change Event,Group Change,,6,1,New Group,7,,,,,,,,
3309.263,39,Input Transition Off Event,BIRBeam #1,,7,0,,,,,,,,,,
3309.556,38,Input Transition On Event,FIRBeam #1,,7,0,,,,,,,,,,
3310.11,39,Input Transition Off Event,FIRBeam #1,,7,0,,,,,,,,,,
3310.19,30,Touch Down Event,Bussey Mouse Operant Mode 3 x 1 x low,,7,4,Position,2,Image 3,2,CoordX,99,CoordY,193,,
3310.191,1,Condition Event,Incorrect,,7,0,,,,,,,,,,
3310.191,32,Whisker - Display Image,Bussey Mouse Operant Mode 3 x 1 x low,Background,7,2,Position,1,Image 1,0,,,,,,
3310.191,32,Whisker - Display Image,Bussey Mouse Operant Mode 3 x 1 x low,Background,7,2,Position,2,Image 1,0,,,,,,
3310.191,3,Output On Event,Sound #1,,7,0,,,,,,,,,,
3310.191,3,Output On Event,Sound #2,,7,0,,,,,,,,,,
3310.191,3,Output On Event,Sound #3,,7,0,,,,,,,,,,
3310.191,7,Pulse Output Event,Sound_On #1,,7,1,Duration,0,,,,,,,,
3310.191,29,Timer Event,Time_Out_Timer,,7,1,Value,0,,,,,,,,
3310.191,21,Group Change Event,Group Change,,7,1,New Group,10,,,,,,,,
3310.191,1,Condition Event,TO Houselight On,,10,0,,,,,,,,,,
3310.191,3,Output On Event,HouseLight #1,,10,0,,,,,,,,,,
3310.191,21,Group Change Event,Group Change,,10,1,New Group,11,,,,,,,,
3310.191,1,Condition Event,Sequential Correction Trials,,11,0,,,,,,,,,,
3310.191,16,Variable Event,Sequential_Correction_Trials,,11,1,Value,1,,,,,,,,
3310.191,16,Variable Event,Increment_this_trial,,11,1,Value,0,,,,,,,,
3310.191,21,Group Change Event,Group Change,,11,1,New Group,12,,,,,,,,
3310.191,1,Condition Event,Incorrect Trails to Correction Trial,,12,0,,,,,,,,,,
3310.191,16,Variable Event,Correction_Counter,,12,1,Value,2,,,,,,,,
3310.191,21,Group Change Event,Group Change,,12,1,New Group,18,,,,,,,,
3310.191,1,Condition Event,Change ITI time,,18,0,,,,,,,,,,
3310.191,16,Variable Event,ITI,,18,1,Value,20,,,,,,,,
3310.191,21,Group Change Event,Group Change,,18,1,New Group,13,,,,,,,,
3310.487,31,Touch Up Event,Bussey Mouse Operant Mode 3 x 1 x low,,13,4,Position,2,Image 1,0,CoordX,69,CoordY,154,,
3310.586,38,Input Transition On Event,FIRBeam #1,,13,0,,,,,,,,,,
3310.816,39,Input Transition Off Event,FIRBeam #1,,13,0,,,,,,,,,,
3310.893,38,Input Transition On Event,FIRBeam #1,,13,0,,,,,,,,,,
3310.979,39,Input Transition Off Event,FIRBeam #1,,13,0,,,,,,,,,,
3311.197,38,Input Transition On Event,FIRBeam #1,,13,0,,,,,,,,,,
3311.645,39,Input Transition Off Event,FIRBeam #1,,13,0,,,,,,,,,,
3313.197,38,Input Transition On Event,FIRBeam #1,,13,0,,,,,,,,,,
3313.728,39,Input Transition Off Event,FIRBeam #1,,13,0,,,,,,,,,,
3315.191,1,Condition Event,Time Out End,,13,0,,,,,,,,,,
3315.191,29,Timer Event,ITI_Timer,,13,1,Value,0,,,,,,,,
3315.191,21,Group Change Event,Group Change,,13,1,New Group,14,,,,,,,,
3315.191,1,Condition Event,Reset Houselight off,,14,0,,,,,,,,,,
3315.191,4,Output Off Event,HouseLight #1,,14,0,,,,,,,,,,
3315.191,21,Group Change Event,Group Change,,14,1,New Group,9,,,,,,,,
3315.6,38,Input Transition On Event,FIRBeam #1,,9,0,,,,,,,,,,
3316.708,39,Input Transition Off Event,FIRBeam #1,,9,0,,,,,,,,,,
3318.289,38,Input Transition On Event,FIRBeam #1,,9,0,,,,,,,,,,
3319.296,39,Input Transition Off Event,FIRBeam #1,,9,0,,,,,,,,,,
3319.896,38,Input Transition On Event,FIRBeam #1,,9,0,,,,,,,,,,
3320.209,39,Input Transition Off Event,FIRBeam #1,,9,0,,,,,,,,,,
3320.372,30,Touch Down Event,Bussey Mouse Operant Mode 3 x 1 x low,,9,4,Position,3,Image 1,0,CoordX,199,CoordY,213,,
3320.372,1,Condition Event,Right Screen Touches,,9,0,,,,,,,,,,
3320.372,16,Variable Event,Right_touches_during_ITI,,9,1,Value,51,,,,,,,,
3320.372,61,Group Maintain Event,Group Change,,9,1,New Group,9,,,,,,,,
3320.566,31,Touch Up Event,Bussey Mouse Operant Mode 3 x 1 x low,,9,4,Position,3,Image 1,0,CoordX,199,CoordY,173,,
3320.785,30,Touch Down Event,Bussey Mouse Operant Mode 3 x 1 x low,,9,4,Position,3,Image 1,0,CoordX,181,CoordY,56,,
3320.785,1,Condition Event,Right Screen Touches,,9,0,,,,,,,,,,
3320.785,16,Variable Event,Right_touches_during_ITI,,9,1,Value,52,,,,,,,,
3320.785,61,Group Maintain Event,Group Change,,9,1,New Group,9,,,,,,,,
3321.467,31,Touch Up Event,Bussey Mouse Operant Mode 3 x 1 x low,,9,4,Position,3,Image 1,0,CoordX,181,CoordY,105,,
3321.764,30,Touch Down Event,Bussey Mouse Operant Mode 3 x 1 x low,,9,4,Position,0,(NoImageOrVideo),-1,CoordX,737,CoordY,552,,
3322.246,31,Touch Up Event,Bussey Mouse Operant Mode 3 x 1 x low,,9,4,Position,3,Image 1,0,CoordX,192,CoordY,223,,
3323.147,38,Input Transition On Event,FIRBeam #1,,9,0,,,,,,,,,,
3323.503,39,Input Transition Off Event,FIRBeam #1,,9,0,,,,,,,,,,
3323.73,30,Touch Down Event,Bussey Mouse Operant Mode 3 x 1 x low,,9,4,Position,3,Image 1,0,CoordX,28,CoordY,174,,
3323.73,1,Condition Event,Right Screen Touches,,9,0,,,,,,,,,,
3323.73,16,Variable Event,Right_touches_during_ITI,,9,1,Value,53,,,,,,,,
3323.73,61,Group Maintain Event,Group Change,,9,1,New Group,9,,,,,,,,
3325.409,31,Touch Up Event,Bussey Mouse Operant Mode 3 x 1 x low,,9,4,Position,0,(NoImageOrVideo),-1,CoordX,695,CoordY,555,,
3325.635,38,Input Transition On Event,FIRBeam #1,,9,0,,,,,,,,,,
3325.939,39,Input Transition Off Event,FIRBeam #1,,9,0,,,,,,,,,,
3326.719,30,Touch Down Event,Bussey Mouse Operant Mode 3 x 1 x low,,9,4,Position,1,Image 1,0,CoordX,120,CoordY,70,,
3326.72,1,Condition Event,Left Screen Touches,,9,0,,,,,,,,,,
3326.72,16,Variable Event,Left_Touches_during_ITI,,9,1,Value,113,,,,,,,,
3326.72,61,Group Maintain Event,Group Change,,9,1,New Group,9,,,,,,,,
3327.048,31,Touch Up Event,Bussey Mouse Operant Mode 3 x 1 x low,,9,4,Position,1,Image 1,0,CoordX,138,CoordY,140,,
3327.988,30,Touch Down Event,Bussey Mouse Operant Mode 3 x 1 x low,,9,4,Position,3,Image 1,0,CoordX,43,CoordY,80,,
3327.988,1,Condition Event,Right Screen Touches,,9,0,,,,,,,,,,
3327.988,16,Variable Event,Right_touches_during_ITI,,9,1,Value,54,,,,,,,,
3327.988,61,Group Maintain Event,Group Change,,9,1,New Group,9,,,,,,,,
3328.934,31,Touch Up Event,Bussey Mouse Operant Mode 3 x 1 x low,,9,4,Position,3,Image 1,0,CoordX,43,CoordY,80,,
3329.38,30,Touch Down Event,Bussey Mouse Operant Mode 3 x 1 x low,,9,4,Position,2,Image 1,0,CoordX,184,CoordY,47,,
3329.381,1,Condition Event,Centre Screen Touches,,9,0,,,,,,,,,,
3329.381,16,Variable Event,Centre_Touches_during_ITI,,9,1,Value,59,,,,,,,,
3329.381,61,Group Maintain Event,Group Change,,9,1,New Group,9,,,,,,,,
3330.111,31,Touch Up Event,Bussey Mouse Operant Mode 3 x 1 x low,,9,4,Position,2,Image 1,0,CoordX,32,CoordY,218,,
3330.49,30,Touch Down Event,Bussey Mouse Operant Mode 3 x 1 x low,,9,4,Position,1,Image 1,0,CoordX,138,CoordY,111,,
3330.491,1,Condition Event,Left Screen Touches,,9,0,,,,,,,,,,
3330.491,16,Variable Event,Left_Touches_during_ITI,,9,1,Value,114,,,,,,,,
3330.491,61,Group Maintain Event,Group Change,,9,1,New Group,9,,,,,,,,
3331.012,31,Touch Up Event,Bussey Mouse Operant Mode 3 x 1 x low,,9,4,Position,1,Image 1,0,CoordX,103,CoordY,154,,
3332.077,30,Touch Down Event,Bussey Mouse Operant Mode 3 x 1 x low,,9,4,Position,1,Image 1,0,CoordX,18,CoordY,193,,
3332.078,1,Condition Event,Left Screen Touches,,9,0,,,,,,,,,,
3332.078,16,Variable Event,Left_Touches_during_ITI,,9,1,Value,115,,,,,,,,
3332.078,61,Group Maintain Event,Group Change,,9,1,New Group,9,,,,,,,,
3332.369,31,Touch Up Event,Bussey Mouse Operant Mode 3 x 1 x low,,9,4,Position,1,Image 1,0,CoordX,103,CoordY,212,,
3333.279,30,Touch Down Event,Bussey Mouse Operant Mode 3 x 1 x low,,9,4,Position,2,Image 1,0,CoordX,184,CoordY,109,,
3333.28,1,Condition Event,Centre Screen Touches,,9,0,,,,,,,,,,
3333.28,16,Variable Event,Centre_Touches_during_ITI,,9,1,Value,60,,,,,,,,
3333.28,61,Group Maintain Event,Group Change,,9,1,New Group,9,,,,,,,,
3333.591,31,Touch Up Event,Bussey Mouse Operant Mode 3 x 1 x low,,9,4,Position,2,Image 1,0,CoordX,202,CoordY,99,,
3333.822,38,Input Transition On Event,FIRBeam #1,,9,0,,,,,,,,,,
3334.855,39,Input Transition Off Event,FIRBeam #1,,9,0,,,,,,,,,,
3335.191,1,Condition Event,Next trial,,9,0,,,,,,,,,,
3335.191,3,Output On Event,TrayLight #1,,9,0,,,,,,,,,,
3335.191,16,Variable Event,First_Trial,,9,1,Value,0,,,,,,,,
3335.191,16,Variable Event,First_Analysis,,9,1,Value,1,,,,,,,,
3335.191,16,Variable Event,ITI,,9,1,Value,20,,,,,,,,
3335.191,21,Group Change Event,Group Change,,9,1,New Group,15,,,,,,,,
3335.191,1,Condition Event,Start Correction Trial,,15,0,,,,,,,,,,
3335.191,16,Variable Event,Correction_Trial,,15,1,Value,1,,,,,,,,
3335.191,21,Group Change Event,Group Change,,15,1,New Group,16,,,,,,,,
3335.574,30,Touch Down Event,Bussey Mouse Operant Mode 3 x 1 x low,,16,4,Position,2,Image 1,0,CoordX,184,CoordY,193,,
3335.865,31,Touch Up Event,Bussey Mouse Operant Mode 3 x 1 x low,,16,4,Position,2,Image 1,0,CoordX,203,CoordY,154,,
3336.169,38,Input Transition On Event,FIRBeam #1,,16,0,,,,,,,,,,
3336.545,39,Input Transition Off Event,FIRBeam #1,,16,0,,,,,,,,,,
3336.762,38,Input Transition On Event,BIRBeam #1,,16,0,,,,,,,,,,
3337.569,38,Input Transition On Event,Tray #1,,16,0,,,,,,,,,,
3337.57,1,Condition Event,Tray Entry Noted,,16,0,,,,,,,,,,
3337.57,4,Output Off Event,TrayLight #1,,16,0,,,,,,,,,,
3337.57,4,Output Off Event,Sound #1,,16,0,,,,,,,,,,
3337.57,4,Output Off Event,Sound #2,,16,0,,,,,,,,,,
3337.57,4,Output Off Event,Sound #3,,16,0,,,,,,,,,,
3337.57,7,Pulse Output Event,Sound_On #1,,16,1,Duration,0,,,,,,,,
3337.57,21,Group Change Event,Group Change,,16,1,New Group,17,,,,,,,,
3337.665,39,Input Transition Off Event,Tray #1,,17,0,,,,,,,,,,
3337.666,1,Condition Event,Tray Exit Starts Correction Trial,,17,0,,,,,,,,,,
3337.666,16,Variable Event,Total_No_Correction_Trials,,17,1,Value,52,,,,,,,,
3337.666,21,Group Change Event,Group Change,,17,1,New Group,6,,,,,,,,
3337.666,1,Condition Event,Display Images,,6,0,,,,,,,,,,
3337.666,32,Whisker - Display Image,Bussey Mouse Operant Mode 3 x 1 x low,Images,6,2,Position,1,Image 1,0,,,,,,
3337.666,32,Whisker - Display Image,Bussey Mouse Operant Mode 3 x 1 x low,Images,6,2,Position,2,Image 3,2,,,,,,
3337.666,21,Group Change Event,Group Change,,6,1,New Group,7,,,,,,,,
3338.095,39,Input Transition Off Event,BIRBeam #1,,7,0,,,,,,,,,,
3338.402,38,Input Transition On Event,FIRBeam #1,,7,0,,,,,,,,,,
3338.764,30,Touch Down Event,Bussey Mouse Operant Mode 3 x 1 x low,,7,4,Position,2,Image 3,2,CoordX,152,CoordY,202,,
3338.764,1,Condition Event,Incorrect,,7,0,,,,,,,,,,
3338.764,32,Whisker - Display Image,Bussey Mouse Operant Mode 3 x 1 x low,Background,7,2,Position,1,Image 1,0,,,,,,
3338.764,32,Whisker - Display Image,Bussey Mouse Operant Mode 3 x 1 x low,Background,7,2,Position,2,Image 1,0,,,,,,
3338.764,3,Output On Event,Sound #1,,7,0,,,,,,,,,,
3338.764,3,Output On Event,Sound #2,,7,0,,,,,,,,,,
3338.764,3,Output On Event,Sound #3,,7,0,,,,,,,,,,
3338.764,7,Pulse Output Event,Sound_On #1,,7,1,Duration,0,,,,,,,,
3338.764,29,Timer Event,Time_Out_Timer,,7,1,Value,0,,,,,,,,
3338.764,21,Group Change Event,Group Change,,7,1,New Group,10,,,,,,,,
3338.764,1,Condition Event,TO Houselight On,,10,0,,,,,,,,,,
3338.764,3,Output On Event,HouseLight #1,,10,0,,,,,,,,,,
3338.764,21,Group Change Event,Group Change,,10,1,New Group,11,,,,,,,,
3338.764,1,Condition Event,Sequential Correction Trials,,11,0,,,,,,,,,,
3338.764,16,Variable Event,Sequential_Correction_Trials,,11,1,Value,2,,,,,,,,
3338.764,16,Variable Event,Increment_this_trial,,11,1,Value,0,,,,,,,,
3338.764,21,Group Change Event,Group Change,,11,1,New Group,12,,,,,,,,
3338.764,1,Condition Event,Incorrect Trails to Correction Trial,,12,0,,,,,,,,,,
3338.764,16,Variable Event,Correction_Counter,,12,1,Value,3,,,,,,,,
3338.764,21,Group Change Event,Group Change,,12,1,New Group,18,,,,,,,,
3338.764,1,Condition Event,Change ITI time,,18,0,,,,,,,,,,
3338.764,16,Variable Event,ITI,,18,1,Value,20,,,,,,,,
3338.764,21,Group Change Event,Group Change,,18,1,New Group,13,,,,,,,,
3338.798,39,Input Transition Off Event,FIRBeam #1,,13,0,,,,,,,,,,
3338.844,31,Touch Up Event,Bussey Mouse Operant Mode 3 x 1 x low,,13,4,Position,2,Image 1,0,CoordX,142,CoordY,193,,
3339.2,30,Touch Down Event,Bussey Mouse Operant Mode 3 x 1 x low,,13,4,Position,2,Image 1,0,CoordX,99,CoordY,154,,
3339.22,31,Touch Up Event,Bussey Mouse Operant Mode 3 x 1 x low,,13,4,Position,2,Image 1,0,CoordX,99,CoordY,154,,
3339.754,38,Input Transition On Event,FIRBeam #1,,13,0,,,,,,,,,,
3339.849,39,Input Transition Off Event,FIRBeam #1,,13,0,,,,,,,,,,
3340.399,30,Touch Down Event,Bussey Mouse Operant Mode 3 x 1 x low,,13,4,Position,3,Image 1,0,CoordX,199,CoordY,212,,
3341.481,31,Touch Up Event,Bussey Mouse Operant Mode 3 x 1 x low,,13,4,Position,3,Image 1,0,CoordX,28,CoordY,154,,
3342.057,30,Touch Down Event,Bussey Mouse Operant Mode 3 x 1 x low,,13,4,Position,2,Image 1,0,CoordX,166,CoordY,154,,
3342.274,31,Touch Up Event,Bussey Mouse Operant Mode 3 x 1 x low,,13,4,Position,2,Image 1,0,CoordX,134,CoordY,41,,
3342.353,30,Touch Down Event,Bussey Mouse Operant Mode 3 x 1 x low,,13,4,Position,2,Image 1,0,CoordX,166,CoordY,99,,
3342.528,31,Touch Up Event,Bussey Mouse Operant Mode 3 x 1 x low,,13,4,Position,2,Image 1,0,CoordX,134,CoordY,118,,
3342.905,38,Input Transition On Event,FIRBeam #1,,13,0,,,,,,,,,,
3343.154,39,Input Transition Off Event,FIRBeam #1,,13,0,,,,,,,,,,
3343.3,38,Input Transition On Event,BIRBeam #1,,13,0,,,,,,,,,,
3343.764,1,Condition Event,Time Out End,,13,0,,,,,,,,,,
3343.764,29,Timer Event,ITI_Timer,,13,1,Value,0,,,,,,,,
3343.764,21,Group Change Event,Group Change,,13,1,New Group,14,,,,,,,,
3343.764,1,Condition Event,Reset Houselight off,,14,0,,,,,,,,,,
3343.764,4,Output Off Event,HouseLight #1,,14,0,,,,,,,,,,
3343.764,21,Group Change Event,Group Change,,14,1,New Group,9,,,,,,,,
3343.765,39,Input Transition Off Event,BIRBeam #1,,9,0,,,,,,,,,,
3344.956,38,Input Transition On Event,FIRBeam #1,,9,0,,,,,,,,,,
3345.206,39,Input Transition Off Event,FIRBeam #1,,9,0,,,,,,,,,,
3345.783,38,Input Transition On Event,FIRBeam #1,,9,0,,,,,,,,,,
3345.995,39,Input Transition Off Event,FIRBeam #1,,9,0,,,,,,,,,,
3346.149,38,Input Transition On Event,BIRBeam #1,,9,0,,,,,,,,,,
3347.383,39,Input Transition Off Event,BIRBeam #1,,9,0,,,,,,,,,,
3348.267,38,Input Transition On Event,BIRBeam #1,,9,0,,,,,,,,,,
3348.898,39,Input Transition Off Event,BIRBeam #1,,9,0,,,,,,,,,,
3349.179,38,Input Transition On Event,BIRBeam #1,,9,0,,,,,,,,,,
3350.898,38,Input Transition On Event,Tray #1,,9,0,,,,,,,,,,
3351.858,39,Input Transition Off Event,Tray #1,,9,0,,,,,,,,,,
3355.323,39,Input Transition Off Event,BIRBeam #1,,9,0,,,,,,,,,,
3356.924,38,Input Transition On Event,BIRBeam #1,,9,0,,,,,,,,,,
3358.402,39,Input Transition Off Event,BIRBeam #1,,9,0,,,,,,,,,,
3358.649,38,Input Transition On Event,FIRBeam #1,,9,0,,,,,,,,,,
3359.502,39,Input Transition Off Event,FIRBeam #1,,9,0,,,,,,,,,,
3359.582,30,Touch Down Event,Bussey Mouse Operant Mode 3 x 1 x low,,9,4,Position,1,Image 1,0,CoordX,103,CoordY,193,,
3359.583,1,Condition Event,Left Screen Touches,,9,0,,,,,,,,,,
3359.583,16,Variable Event,Left_Touches_during_ITI,,9,1,Value,116,,,,,,,,
3359.583,61,Group Maintain Event,Group Change,,9,1,New Group,9,,,,,,,,
3359.757,31,Touch Up Event,Bussey Mouse Operant Mode 3 x 1 x low,,9,4,Position,1,Image 1,0,CoordX,138,CoordY,174,,
3361.282,38,Input Transition On Event,FIRBeam #1,,9,0,,,,,,,,,,
3361.698,39,Input Transition Off Event,FIRBeam #1,,9,0,,,,,,,,,,
3363.764,1,Condition Event,Next trial,,9,0,,,,,,,,,,
3363.764,3,Output On Event,TrayLight #1,,9,0,,,,,,,,,,
3363.764,16,Variable Event,First_Trial,,9,1,Value,0,,,,,,,,
3363.764,16,Variable Event,First_Analysis,,9,1,Value,1,,,,,,,,
3363.764,16,Variable Event,ITI,,9,1,Value,20,,,,,,,,
3363.764,21,Group Change Event,Group Change,,9,1,New Group,15,,,,,,,,
3363.764,1,Condition Event,Start Correction Trial,,15,0,,,,,,,,,,
3363.764,16,Variable Event,Correction_Trial,,15,1,Value,1,,,,,,,,
3363.764,21,Group Change Event,Group Change,,15,1,New Group,16,,,,,,,,
3369.494,38,Input Transition On Event,FIRBeam #1,,16,0,,,,,,,,,,
3369.741,39,Input Transition Off Event,FIRBeam #1,,16,0,,,,,,,,,,
3369.97,38,Input Transition On Event,BIRBeam #1,,16,0,,,,,,,,,,
3370.335,39,Input Transition Off Event,BIRBeam #1,,16,0,,,,,,,,,,
3372.033,38,Input Transition On Event,BIRBeam #1,,16,0,,,,,,,,,,
3373.47,38,Input Transition On Event,Tray #1,,16,0,,,,,,,,,,
3373.47,1,Condition Event,Tray Entry Noted,,16,0,,,,,,,,,,
3373.47,4,Output Off Event,TrayLight #1,,16,0,,,,,,,,,,
3373.47,4,Output Off Event,Sound #1,,16,0,,,,,,,,,,
3373.47,4,Output Off Event,Sound #2,,16,0,,,,,,,,,,
3373.47,4,Output Off Event,Sound #3,,16,0,,,,,,,,,,
3373.47,7,Pulse Output Event,Sound_On #1,,16,1,Duration,0,,,,,,,,
3373.47,21,Group Change Event,Group Change,,16,1,New Group,17,,,,,,,,
3373.917,39,Input Transition Off Event,Tray #1,,17,0,,,,,,,,,,
3373.917,1,Condition Event,Tray Exit Starts Correction Trial,,17,0,,,,,,,,,,
3373.917,16,Variable Event,Total_No_Correction_Trials,,17,1,Value,53,,,,,,,,
3373.917,21,Group Change Event,Group Change,,17,1,New Group,6,,,,,,,,
3373.917,1,Condition Event,Display Images,,6,0,,,,,,,,,,
3373.917,32,Whisker - Display Image,Bussey Mouse Operant Mode 3 x 1 x low,Images,6,2,Position,1,Image 1,0,,,,,,
3373.917,32,Whisker - Display Image,Bussey Mouse Operant Mode 3 x 1 x low,Images,6,2,Position,2,Image 3,2,,,,,,
3373.917,21,Group Change Event,Group Change,,6,1,New Group,7,,,,,,,,
3375.345,39,Input Transition Off Event,BIRBeam #1,,7,0,,,,,,,,,,
3375.515,38,Input Transition On Event,FIRBeam #1,,7,0,,,,,,,,,,
3376.267,39,Input Transition Off Event,FIRBeam #1,,7,0,,,,,,,,,,
3376.941,38,Input Transition On Event,FIRBeam #1,,7,0,,,,,,,,,,
3377.619,30,Touch Down Event,Bussey Mouse Operant Mode 3 x 1 x low,,7,4,Position,2,Image 3,2,CoordX,63,CoordY,193,,
3377.62,1,Condition Event,Incorrect,,7,0,,,,,,,,,,
3377.62,32,Whisker - Display Image,Bussey Mouse Operant Mode 3 x 1 x low,Background,7,2,Position,1,Image 1,0,,,,,,
3377.62,32,Whisker - Display Image,Bussey Mouse Operant Mode 3 x 1 x low,Background,7,2,Position,2,Image 1,0,,,,,,
3377.62,3,Output On Event,Sound #1,,7,0,,,,,,,,,,
3377.62,3,Output On Event,Sound #2,,7,0,,,,,,,,,,
3377.62,3,Output On Event,Sound #3,,7,0,,,,,,,,,,
3377.62,7,Pulse Output Event,Sound_On #1,,7,1,Duration,0,,,,,,,,
3377.62,29,Timer Event,Time_Out_Timer,,7,1,Value,0,,,,,,,,
3377.62,21,Group Change Event,Group Change,,7,1,New Group,10,,,,,,,,
3377.62,1,Condition Event,TO Houselight On,,10,0,,,,,,,,,,
3377.62,3,Output On Event,HouseLight #1,,10,0,,,,,,,,,,
3377.62,21,Group Change Event,Group Change,,10,1,New Group,11,,,,,,,,
3377.62,1,Condition Event,Sequential Correction Trials,,11,0,,,,,,,,,,
3377.62,16,Variable Event,Sequential_Correction_Trials,,11,1,Value,3,,,,,,,,
3377.62,16,Variable Event,Increment_this_trial,,11,1,Value,0,,,,,,,,
3377.62,21,Group Change Event,Group Change,,11,1,New Group,12,,,,,,,,
3377.62,1,Condition Event,Incorrect Trails to Correction Trial,,12,0,,,,,,,,,,
3377.62,16,Variable Event,Correction_Counter,,12,1,Value,4,,,,,,,,
3377.62,21,Group Change Event,Group Change,,12,1,New Group,18,,,,,,,,
3377.62,1,Condition Event,Change ITI time,,18,0,,,,,,,,,,
3377.62,16,Variable Event,ITI,,18,1,Value,20,,,,,,,,
3377.62,21,Group Change Event,Group Change,,18,1,New Group,13,,,,,,,,
3377.644,39,Input Transition Off Event,FIRBeam #1,,13,0,,,,,,,,,,
3377.992,31,Touch Up Event,Bussey Mouse Operant Mode 3 x 1 x low,,13,4,Position,2,Image 1,0,CoordX,31,CoordY,212,,
3379.469,38,Input Transition On Event,FIRBeam #1,,13,0,,,,,,,,,,
3382.62,1,Condition Event,Time Out End,,13,0,,,,,,,,,,
3382.62,29,Timer Event,ITI_Timer,,13,1,Value,0,,,,,,,,
3382.62,21,Group Change Event,Group Change,,13,1,New Group,14,,,,,,,,
3382.62,1,Condition Event,Reset Houselight off,,14,0,,,,,,,,,,
3382.62,4,Output Off Event,HouseLight #1,,14,0,,,,,,,,,,
3382.62,21,Group Change Event,Group Change,,14,1,New Group,9,,,,,,,,
3385.433,39,Input Transition Off Event,FIRBeam #1,,9,0,,,,,,,,,,
3387.163,38,Input Transition On Event,FIRBeam #1,,9,0,,,,,,,,,,
3388.199,39,Input Transition Off Event,FIRBeam #1,,9,0,,,,,,,,,,
3390.06,30,Touch Down Event,Bussey Mouse Operant Mode 3 x 1 x low,,9,4,Position,1,Image 1,0,CoordX,103,CoordY,118,,
3390.06,1,Condition Event,Left Screen Touches,,9,0,,,,,,,,,,
3390.06,16,Variable Event,Left_Touches_during_ITI,,9,1,Value,117,,,,,,,,
3390.06,61,Group Maintain Event,Group Change,,9,1,New Group,9,,,,,,,,
3390.12,31,Touch Up Event,Bussey Mouse Operant Mode 3 x 1 x low,,9,4,Position,1,Image 1,0,CoordX,103,CoordY,118,,
3390.319,30,Touch Down Event,Bussey Mouse Operant Mode 3 x 1 x low,,9,4,Position,1,Image 1,0,CoordX,120,CoordY,193,,
3390.319,1,Condition Event,Left Screen Touches,,9,0,,,,,,,,,,
3390.319,16,Variable Event,Left_Touches_during_ITI,,9,1,Value,118,,,,,,,,
3390.319,61,Group Maintain Event,Group Change,,9,1,New Group,9,,,,,,,,
3390.378,31,Touch Up Event,Bussey Mouse Operant Mode 3 x 1 x low,,9,4,Position,1,Image 1,0,CoordX,120,CoordY,193,,
3390.997,38,Input Transition On Event,FIRBeam #1,,9,0,,,,,,,,,,
3393.553,30,Touch Down Event,Bussey Mouse Operant Mode 3 x 1 x low,,9,4,Position,0,(NoImageOrVideo),-1,CoordX,559,CoordY,555,,
3393.767,31,Touch Up Event,Bussey Mouse Operant Mode 3 x 1 x low,,9,4,Position,0,(NoImageOrVideo),-1,CoordX,542,CoordY,555,,
3394.313,39,Input Transition Off Event,FIRBeam #1,,9,0,,,,,,,,,,
3395.966,30,Touch Down Event,Bussey Mouse Operant Mode 3 x 1 x low,,9,4,Position,1,Image 1,0,CoordX,53,CoordY,174,,
3395.966,1,Condition Event,Left Screen Touches,,9,0,,,,,,,,,,
3395.966,16,Variable Event,Left_Touches_during_ITI,,9,1,Value,119,,,,,,,,
3395.966,61,Group Maintain Event,Group Change,,9,1,New Group,9,,,,,,,,
3396.026,31,Touch Up Event,Bussey Mouse Operant Mode 3 x 1 x low,,9,4,Position,1,Image 1,0,CoordX,53,CoordY,174,,
3398.262,38,Input Transition On Event,FIRBeam #1,,9,0,,,,,,,,,,
3398.744,39,Input Transition Off Event,FIRBeam #1,,9,0,,,,,,,,,,
3399.387,38,Input Transition On Event,FIRBeam #1,,9,0,,,,,,,,,,
3400.073,39,Input Transition Off Event,FIRBeam #1,,9,0,,,,,,,,,,
3400.48,38,Input Transition On Event,FIRBeam #1,,9,0,,,,,,,,,,
3400.741,39,Input Transition Off Event,FIRBeam #1,,9,0,,,,,,,,,,
3402.62,1,Condition Event,Next trial,,9,0,,,,,,,,,,
3402.62,3,Output On Event,TrayLight #1,,9,0,,,,,,,,,,
3402.62,16,Variable Event,First_Trial,,9,1,Value,0,,,,,,,,
3402.62,16,Variable Event,First_Analysis,,9,1,Value,1,,,,,,,,
3402.62,16,Variable Event,ITI,,9,1,Value,20,,,,,,,,
3402.62,21,Group Change Event,Group Change,,9,1,New Group,15,,,,,,,,
3402.62,1,Condition Event,Start Correction Trial,,15,0,,,,,,,,,,
3402.62,16,Variable Event,Correction_Trial,,15,1,Value,1,,,,,,,,
3402.62,21,Group Change Event,Group Change,,15,1,New Group,16,,,,,,,,
3402.773,38,Input Transition On Event,FIRBeam #1,,16,0,,,,,,,,,,
3403.831,39,Input Transition Off Event,FIRBeam #1,,16,0,,,,,,,,,,
3404.566,38,Input Transition On Event,FIRBeam #1,,16,0,,,,,,,,,,
3408.556,39,Input Transition Off Event,FIRBeam #1,,16,0,,,,,,,,,,
3410.407,38,Input Transition On Event,FIRBeam #1,,16,0,,,,,,,,,,
3412.303,39,Input Transition Off Event,FIRBeam #1,,16,0,,,,,,,,,,
3412.725,38,Input Transition On Event,FIRBeam #1,,16,0,,,,,,,,,,
3417.277,39,Input Transition Off Event,FIRBeam #1,,16,0,,,,,,,,,,
3418.809,38,Input Transition On Event,FIRBeam #1,,16,0,,,,,,,,,,
3419.265,39,Input Transition Off Event,FIRBeam #1,,16,0,,,,,,,,,,
3419.563,38,Input Transition On Event,BIRBeam #1,,16,0,,,,,,,,,,
3420.022,39,Input Transition Off Event,BIRBeam #1,,16,0,,,,,,,,,,
3420.33,38,Input Transition On Event,FIRBeam #1,,16,0,,,,,,,,,,
3420.924,39,Input Transition Off Event,FIRBeam #1,,16,0,,,,,,,,,,
3421.434,38,Input Transition On Event,FIRBeam #1,,16,0,,,,,,,,,,
3421.604,39,Input Transition Off Event,FIRBeam #1,,16,0,,,,,,,,,,
3423.371,38,Input Transition On Event,FIRBeam #1,,16,0,,,,,,,,,,
3423.854,39,Input Transition Off Event,FIRBeam #1,,16,0,,,,,,,,,,
3425.288,38,Input Transition On Event,FIRBeam #1,,16,0,,,,,,,,,,
3426.781,39,Input Transition Off Event,FIRBeam #1,,16,0,,,,,,,,,,
3427.306,38,Input Transition On Event,FIRBeam #1,,16,0,,,,,,,,,,
3428.264,39,Input Transition Off Event,FIRBeam #1,,16,0,,,,,,,,,,
3428.634,38,Input Transition On Event,FIRBeam #1,,16,0,,,,,,,,,,
3431.562,39,Input Transition Off Event,FIRBeam #1,,16,0,,,,,,,,,,
3434.601,38,Input Transition On Event,FIRBeam #1,,16,0,,,,,,,,,,
3434.762,39,Input Transition Off Event,FIRBeam #1,,16,0,,,,,,,,,,
3436.355,38,Input Transition On Event,FIRBeam #1,,16,0,,,,,,,,,,
3440.473,39,Input Transition Off Event,FIRBeam #1,,16,0,,,,,,,,,,
3440.67,38,Input Transition On Event,BIRBeam #1,,16,0,,,,,,,,,,
3441.582,39,Input Transition Off Event,BIRBeam #1,,16,0,,,,,,,,,,
3442.034,38,Input Transition On Event,FIRBeam #1,,16,0,,,,,,,,,,
3444.085,39,Input Transition Off Event,FIRBeam #1,,16,0,,,,,,,,,,
3447.618,38,Input Transition On Event,FIRBeam #1,,16,0,,,,,,,,,,
3448.017,39,Input Transition Off Event,FIRBeam #1,,16,0,,,,,,,,,,
3450.37,38,Input Transition On Event,FIRBeam #1,,16,0,,,,,,,,,,
3451.039,39,Input Transition Off Event,FIRBeam #1,,16,0,,,,,,,,,,
3452.04,38,Input Transition On Event,FIRBeam #1,,16,0,,,,,,,,,,
3452.155,39,Input Transition Off Event,FIRBeam #1,,16,0,,,,,,,,,,
3453.139,38,Input Transition On Event,FIRBeam #1,,16,0,,,,,,,,,,
3453.32,39,Input Transition Off Event,FIRBeam #1,,16,0,,,,,,,,,,
3453.917,38,Input Transition On Event,FIRBeam #1,,16,0,,,,,,,,,,
3454.965,39,Input Transition Off Event,FIRBeam #1,,16,0,,,,,,,,,,
3456.768,30,Touch Down Event,Bussey Mouse Operant Mode 3 x 1 x low,,16,4,Position,0,(NoImageOrVideo),-1,CoordX,230,CoordY,555,,
3457.347,31,Touch Up Event,Bussey Mouse Operant Mode 3 x 1 x low,,16,4,Position,1,Image 1,0,CoordX,173,CoordY,154,,
3457.527,30,Touch Down Event,Bussey Mouse Operant Mode 3 x 1 x low,,16,4,Position,0,(NoImageOrVideo),-1,CoordX,265,CoordY,555,,
3457.758,31,Touch Up Event,Bussey Mouse Operant Mode 3 x 1 x low,,16,4,Position,1,Image 1,0,CoordX,205,CoordY,212,,
3459.015,30,Touch Down Event,Bussey Mouse Operant Mode 3 x 1 x low,,16,4,Position,2,Image 1,0,CoordX,184,CoordY,154,,
3459.68,31,Touch Up Event,Bussey Mouse Operant Mode 3 x 1 x low,,16,4,Position,2,Image 1,0,CoordX,166,CoordY,80,,
3460.377,38,Input Transition On Event,FIRBeam #1,,16,0,,,,,,,,,,
3461.91,39,Input Transition Off Event,FIRBeam #1,,16,0,,,,,,,,,,
3462.177,30,Touch Down Event,Bussey Mouse Operant Mode 3 x 1 x low,,16,4,Position,2,Image 1,0,CoordX,202,CoordY,193,,
3462.256,31,Touch Up Event,Bussey Mouse Operant Mode 3 x 1 x low,,16,4,Position,2,Image 1,0,CoordX,213,CoordY,174,,
3462.613,38,Input Transition On Event,FIRBeam #1,,16,0,,,,,,,,,,
3463.092,39,Input Transition Off Event,FIRBeam #1,,16,0,,,,,,,,,,
3465.244,38,Input Transition On Event,FIRBeam #1,,16,0,,,,,,,,,,
3466.372,39,Input Transition Off Event,FIRBeam #1,,16,0,,,,,,,,,,
3466.78,38,Input Transition On Event,FIRBeam #1,,16,0,,,,,,,,,,
3469.985,39,Input Transition Off Event,FIRBeam #1,,16,0,,,,,,,,,,
3470.175,30,Touch Down Event,Bussey Mouse Operant Mode 3 x 1 x low,,16,4,Position,2,Image 1,0,CoordX,63,CoordY,135,,
3470.214,31,Touch Up Event,Bussey Mouse Operant Mode 3 x 1 x low,,16,4,Position,2,Image 1,0,CoordX,63,CoordY,135,,
3470.373,30,Touch Down Event,Bussey Mouse Operant Mode 3 x 1 x low,,16,4,Position,2,Image 1,0,CoordX,99,CoordY,118,,
3470.412,31,Touch Up Event,Bussey Mouse Operant Mode 3 x 1 x low,,16,4,Position,2,Image 1,0,CoordX,99,CoordY,118,,
3474.608,38,Input Transition On Event,FIRBeam #1,,16,0,,,,,,,,,,
3476.003,39,Input Transition Off Event,FIRBeam #1,,16,0,,,,,,,,,,
3477.824,30,Touch Down Event,Bussey Mouse Operant Mode 3 x 1 x low,,16,4,Position,1,Image 1,0,CoordX,71,CoordY,198,,
3478.288,31,Touch Up Event,Bussey Mouse Operant Mode 3 x 1 x low,,16,4,Position,1,Image 1,0,CoordX,85,CoordY,193,,
3479.04,38,Input Transition On Event,FIRBeam #1,,16,0,,,,,,,,,,
3479.37,39,Input Transition Off Event,FIRBeam #1,,16,0,,,,,,,,,,
3479.587,38,Input Transition On Event,BIRBeam #1,,16,0,,,,,,,,,,
3479.866,39,Input Transition Off Event,BIRBeam #1,,16,0,,,,,,,,,,
3481.066,38,Input Transition On Event,FIRBeam #1,,16,0,,,,,,,,,,
3482.581,39,Input Transition Off Event,FIRBeam #1,,16,0,,,,,,,,,,
3483.227,38,Input Transition On Event,FIRBeam #1,,16,0,,,,,,,,,,
3483.359,39,Input Transition Off Event,FIRBeam #1,,16,0,,,,,,,,,,
3485.138,38,Input Transition On Event,FIRBeam #1,,16,0,,,,,,,,,,
3485.336,39,Input Transition Off Event,FIRBeam #1,,16,0,,,,,,,,,,
3485.458,38,Input Transition On Event,BIRBeam #1,,16,0,,,,,,,,,,
3485.963,39,Input Transition Off Event,BIRBeam #1,,16,0,,,,,,,,,,
3486.219,38,Input Transition On Event,FIRBeam #1,,16,0,,,,,,,,,,
3486.865,39,Input Transition Off Event,FIRBeam #1,,16,0,,,,,,,,,,
3487.042,30,Touch Down Event,Bussey Mouse Operant Mode 3 x 1 x low,,16,4,Position,3,Image 1,0,CoordX,199,CoordY,169,,
3487.369,31,Touch Up Event,Bussey Mouse Operant Mode 3 x 1 x low,,16,4,Position,3,Image 1,0,CoordX,85,CoordY,207,,
3487.416,38,Input Transition On Event,FIRBeam #1,,16,0,,,,,,,,,,
3487.904,39,Input Transition Off Event,FIRBeam #1,,16,0,,,,,,,,,,
3488.049,38,Input Transition On Event,BIRBeam #1,,16,0,,,,,,,,,,
3488.698,39,Input Transition Off Event,BIRBeam #1,,16,0,,,,,,,,,,
3489.293,38,Input Transition On Event,FIRBeam #1,,16,0,,,,,,,,,,
3490.636,39,Input Transition Off Event,FIRBeam #1,,16,0,,,,,,,,,,
3492.014,30,Touch Down Event,Bussey Mouse Operant Mode 3 x 1 x low,,16,4,Position,2,Image 1,0,CoordX,63,CoordY,99,,
3492.151,31,Touch Up Event,Bussey Mouse Operant Mode 3 x 1 x low,,16,4,Position,2,Image 1,0,CoordX,63,CoordY,99,,
3493.753,30,Touch Down Event,Bussey Mouse Operant Mode 3 x 1 x low,,16,4,Position,3,Image 1,0,CoordX,114,CoordY,202,,
3493.906,31,Touch Up Event,Bussey Mouse Operant Mode 3 x 1 x low,,16,4,Position,3,Image 1,0,CoordX,114,CoordY,154,,
3494.131,38,Input Transition On Event,FIRBeam #1,,16,0,,,,,,,,,,
3494.398,39,Input Transition Off Event,FIRBeam #1,,16,0,,,,,,,,,,
3494.52,38,Input Transition On Event,BIRBeam #1,,16,0,,,,,,,,,,
3494.979,39,Input Transition Off Event,BIRBeam #1,,16,0,,,,,,,,,,
3496.899,38,Input Transition On Event,BIRBeam #1,,16,0,,,,,,,,,,
3497.832,39,Input Transition Off Event,BIRBeam #1,,16,0,,,,,,,,,,
3498.707,38,Input Transition On Event,BIRBeam #1,,16,0,,,,,,,,,,
3500.44,39,Input Transition Off Event,BIRBeam #1,,16,0,,,,,,,,,,
3500.667,38,Input Transition On Event,FIRBeam #1,,16,0,,,,,,,,,,
3501.305,39,Input Transition Off Event,FIRBeam #1,,16,0,,,,,,,,,,
3502.01,30,Touch Down Event,Bussey Mouse Operant Mode 3 x 1 x low,,16,4,Position,2,Image 1,0,CoordX,49,CoordY,22,,
3502.339,31,Touch Up Event,Bussey Mouse Operant Mode 3 x 1 x low,,16,4,Position,2,Image 1,0,CoordX,49,CoordY,41,,
3502.485,38,Input Transition On Event,FIRBeam #1,,16,0,,,,,,,,,,
3502.634,39,Input Transition Off Event,FIRBeam #1,,16,0,,,,,,,,,,
3503.218,30,Touch Down Event,Bussey Mouse Operant Mode 3 x 1 x low,,16,4,Position,3,Image 1,0,CoordX,131,CoordY,193,,
3503.546,31,Touch Up Event,Bussey Mouse Operant Mode 3 x 1 x low,,16,4,Position,3,Image 1,0,CoordX,114,CoordY,193,,
3503.776,38,Input Transition On Event,FIRBeam #1,,16,0,,,,,,,,,,
3504.121,39,Input Transition Off Event,FIRBeam #1,,16,0,,,,,,,,,,
3504.246,38,Input Transition On Event,BIRBeam #1,,16,0,,,,,,,,,,
3504.647,38,Input Transition On Event,Tray #1,,16,0,,,,,,,,,,
3504.647,1,Condition Event,Tray Entry Noted,,16,0,,,,,,,,,,
3504.647,4,Output Off Event,TrayLight #1,,16,0,,,,,,,,,,
3504.647,4,Output Off Event,Sound #1,,16,0,,,,,,,,,,
3504.647,4,Output Off Event,Sound #2,,16,0,,,,,,,,,,
3504.647,4,Output Off Event,Sound #3,,16,0,,,,,,,,,,
3504.647,7,Pulse Output Event,Sound_On #1,,16,1,Duration,0,,,,,,,,
3504.647,21,Group Change Event,Group Change,,16,1,New Group,17,,,,,,,,
3504.79,39,Input Transition Off Event,Tray #1,,17,0,,,,,,,,,,
3504.79,1,Condition Event,Tray Exit Starts Correction Trial,,17,0,,,,,,,,,,
3504.79,16,Variable Event,Total_No_Correction_Trials,,17,1,Value,54,,,,,,,,
3504.79,21,Group Change Event,Group Change,,17,1,New Group,6,,,,,,,,
3504.79,1,Condition Event,Display Images,,6,0,,,,,,,,,,
3504.79,32,Whisker - Display Image,Bussey Mouse Operant Mode 3 x 1 x low,Images,6,2,Position,1,Image 1,0,,,,,,
3504.79,32,Whisker - Display Image,Bussey Mouse Operant Mode 3 x 1 x low,Images,6,2,Position,2,Image 3,2,,,,,,
3504.79,21,Group Change Event,Group Change,,6,1,New Group,7,,,,,,,,
3505.087,39,Input Transition Off Event,BIRBeam #1,,7,0,,,,,,,,,,
3505.383,38,Input Transition On Event,FIRBeam #1,,7,0,,,,,,,,,,
3506.4,30,Touch Down Event,Bussey Mouse Operant Mode 3 x 1 x low,,7,4,Position,2,Image 3,2,CoordX,81,CoordY,193,,
3506.4,1,Condition Event,Incorrect,,7,0,,,,,,,,,,
3506.4,32,Whisker - Display Image,Bussey Mouse Operant Mode 3 x 1 x low,Background,7,2,Position,1,Image 1,0,,,,,,
3506.4,32,Whisker - Display Image,Bussey Mouse Operant Mode 3 x 1 x low,Background,7,2,Position,2,Image 1,0,,,,,,
3506.4,3,Output On Event,Sound #1,,7,0,,,,,,,,,,
3506.4,3,Output On Event,Sound #2,,7,0,,,,,,,,,,
3506.4,3,Output On Event,Sound #3,,7,0,,,,,,,,,,
3506.4,7,Pulse Output Event,Sound_On #1,,7,1,Duration,0,,,,,,,,
3506.4,29,Timer Event,Time_Out_Timer,,7,1,Value,0,,,,,,,,
3506.4,21,Group Change Event,Group Change,,7,1,New Group,10,,,,,,,,
3506.4,1,Condition Event,TO Houselight On,,10,0,,,,,,,,,,
3506.4,3,Output On Event,HouseLight #1,,10,0,,,,,,,,,,
3506.4,21,Group Change Event,Group Change,,10,1,New Group,11,,,,,,,,
3506.4,1,Condition Event,Sequential Correction Trials,,11,0,,,,,,,,,,
3506.4,16,Variable Event,Sequential_Correction_Trials,,11,1,Value,4,,,,,,,,
3506.4,16,Variable Event,Increment_this_trial,,11,1,Value,0,,,,,,,,
3506.4,21,Group Change Event,Group Change,,11,1,New Group,12,,,,,,,,
3506.4,1,Condition Event,Incorrect Trails to Correction Trial,,12,0,,,,,,,,,,
3506.4,16,Variable Event,Correction_Counter,,12,1,Value,5,,,,,,,,
3506.4,21,Group Change Event,Group Change,,12,1,New Group,18,,,,,,,,
3506.4,1,Condition Event,Change ITI time,,18,0,,,,,,,,,,
3506.4,16,Variable Event,ITI,,18,1,Value,20,,,,,,,,
3506.4,21,Group Change Event,Group Change,,18,1,New Group,13,,,,,,,,
3506.405,39,Input Transition Off Event,FIRBeam #1,,13,0,,,,,,,,,,
3506.499,31,Touch Up Event,Bussey Mouse Operant Mode 3 x 1 x low,,13,4,Position,2,Image 1,0,CoordX,49,CoordY,193,,
3506.548,38,Input Transition On Event,FIRBeam #1,,13,0,,,,,,,,,,
3508.006,39,Input Transition Off Event,FIRBeam #1,,13,0,,,,,,,,,,
3510.416,38,Input Transition On Event,FIRBeam #1,,13,0,,,,,,,,,,
3511.4,1,Condition Event,Time Out End,,13,0,,,,,,,,,,
3511.4,29,Timer Event,ITI_Timer,,13,1,Value,0,,,,,,,,
3511.4,21,Group Change Event,Group Change,,13,1,New Group,14,,,,,,,,
3511.4,1,Condition Event,Reset Houselight off,,14,0,,,,,,,,,,
3511.4,4,Output Off Event,HouseLight #1,,14,0,,,,,,,,,,
3511.4,21,Group Change Event,Group Change,,14,1,New Group,9,,,,,,,,
3513.825,39,Input Transition Off Event,FIRBeam #1,,9,0,,,,,,,,,,
3513.879,30,Touch Down Event,Bussey Mouse Operant Mode 3 x 1 x low,,9,4,Position,2,Image 1,0,CoordX,63,CoordY,154,,
3513.879,1,Condition Event,Centre Screen Touches,,9,0,,,,,,,,,,
3513.879,16,Variable Event,Centre_Touches_during_ITI,,9,1,Value,61,,,,,,,,
3513.879,61,Group Maintain Event,Group Change,,9,1,New Group,9,,,,,,,,
3513.898,31,Touch Up Event,Bussey Mouse Operant Mode 3 x 1 x low,,9,4,Position,2,Image 1,0,CoordX,63,CoordY,154,,
3513.938,30,Touch Down Event,Bussey Mouse Operant Mode 3 x 1 x low,,9,4,Position,2,Image 1,0,CoordX,49,CoordY,71,,
3513.938,1,Condition Event,Centre Screen Touches,,9,0,,,,,,,,,,
3513.938,16,Variable Event,Centre_Touches_during_ITI,,9,1,Value,62,,,,,,,,
3513.938,61,Group Maintain Event,Group Change,,9,1,New Group,9,,,,,,,,
3514.076,31,Touch Up Event,Bussey Mouse Operant Mode 3 x 1 x low,,9,4,Position,2,Image 1,0,CoordX,49,CoordY,70,,
3514.115,38,Input Transition On Event,FIRBeam #1,,9,0,,,,,,,,,,
3517.059,39,Input Transition Off Event,FIRBeam #1,,9,0,,,,,,,,,,
3519.154,38,Input Transition On Event,FIRBeam #1,,9,0,,,,,,,,,,
3521.541,39,Input Transition Off Event,FIRBeam #1,,9,0,,,,,,,,,,
3523.389,38,Input Transition On Event,FIRBeam #1,,9,0,,,,,,,,,,
3524.169,39,Input Transition Off Event,FIRBeam #1,,9,0,,,,,,,,,,
3524.619,30,Touch Down Event,Bussey Mouse Operant Mode 3 x 1 x low,,9,4,Position,3,Image 1,0,CoordX,61,CoordY,178,,
3524.62,1,Condition Event,Right Screen Touches,,9,0,,,,,,,,,,
3524.62,16,Variable Event,Right_touches_during_ITI,,9,1,Value,55,,,,,,,,
3524.62,61,Group Maintain Event,Group Change,,9,1,New Group,9,,,,,,,,
3524.676,31,Touch Up Event,Bussey Mouse Operant Mode 3 x 1 x low,,9,4,Position,3,Image 1,0,CoordX,61,CoordY,174,,
3524.74,38,Input Transition On Event,FIRBeam #1,,9,0,,,,,,,,,,
3525.066,39,Input Transition Off Event,FIRBeam #1,,9,0,,,,,,,,,,
3525.244,38,Input Transition On Event,FIRBeam #1,,9,0,,,,,,,,,,
3525.66,39,Input Transition Off Event,FIRBeam #1,,9,0,,,,,,,,,,
3526.472,30,Touch Down Event,Bussey Mouse Operant Mode 3 x 1 x low,,9,4,Position,1,Image 1,0,CoordX,85,CoordY,208,,
3526.472,1,Condition Event,Left Screen Touches,,9,0,,,,,,,,,,
3526.472,16,Variable Event,Left_Touches_during_ITI,,9,1,Value,120,,,,,,,,
3526.472,61,Group Maintain Event,Group Change,,9,1,New Group,9,,,,,,,,
3526.567,31,Touch Up Event,Bussey Mouse Operant Mode 3 x 1 x low,,9,4,Position,1,Image 1,0,CoordX,103,CoordY,174,,
3527.046,38,Input Transition On Event,FIRBeam #1,,9,0,,,,,,,,,,
3527.169,39,Input Transition Off Event,FIRBeam #1,,9,0,,,,,,,,,,
3528.971,38,Input Transition On Event,FIRBeam #1,,9,0,,,,,,,,,,
3529.258,39,Input Transition Off Event,FIRBeam #1,,9,0,,,,,,,,,,
3531.4,1,Condition Event,Next trial,,9,0,,,,,,,,,,
3531.4,3,Output On Event,TrayLight #1,,9,0,,,,,,,,,,
3531.4,16,Variable Event,First_Trial,,9,1,Value,0,,,,,,,,
3531.4,16,Variable Event,First_Analysis,,9,1,Value,1,,,,,,,,
3531.4,16,Variable Event,ITI,,9,1,Value,20,,,,,,,,
3531.4,21,Group Change Event,Group Change,,9,1,New Group,15,,,,,,,,
3531.4,1,Condition Event,Start Correction Trial,,15,0,,,,,,,,,,
3531.4,16,Variable Event,Correction_Trial,,15,1,Value,1,,,,,,,,
3531.4,21,Group Change Event,Group Change,,15,1,New Group,16,,,,,,,,
3531.603,38,Input Transition On Event,FIRBeam #1,,16,0,,,,,,,,,,
3532.05,39,Input Transition Off Event,FIRBeam #1,,16,0,,,,,,,,,,
3532.276,38,Input Transition On Event,BIRBeam #1,,16,0,,,,,,,,,,
3533.154,39,Input Transition Off Event,BIRBeam #1,,16,0,,,,,,,,,,
3534.191,38,Input Transition On Event,FIRBeam #1,,16,0,,,,,,,,,,
3535.703,39,Input Transition Off Event,FIRBeam #1,,16,0,,,,,,,,,,
3535.892,38,Input Transition On Event,BIRBeam #1,,16,0,,,,,,,,,,
3536.107,39,Input Transition Off Event,BIRBeam #1,,16,0,,,,,,,,,,
3538.36,38,Input Transition On Event,BIRBeam #1,,16,0,,,,,,,,,,
3538.785,39,Input Transition Off Event,BIRBeam #1,,16,0,,,,,,,,,,
3539.199,38,Input Transition On Event,FIRBeam #1,,16,0,,,,,,,,,,
3540.467,39,Input Transition Off Event,FIRBeam #1,,16,0,,,,,,,,,,
3541.308,38,Input Transition On Event,FIRBeam #1,,16,0,,,,,,,,,,
3541.529,39,Input Transition Off Event,FIRBeam #1,,16,0,,,,,,,,,,
3541.746,38,Input Transition On Event,BIRBeam #1,,16,0,,,,,,,,,,
3542.105,39,Input Transition Off Event,BIRBeam #1,,16,0,,,,,,,,,,
3542.914,38,Input Transition On Event,BIRBeam #1,,16,0,,,,,,,,,,
3544.111,38,Input Transition On Event,Tray #1,,16,0,,,,,,,,,,
3544.112,1,Condition Event,Tray Entry Noted,,16,0,,,,,,,,,,
3544.112,4,Output Off Event,TrayLight #1,,16,0,,,,,,,,,,
3544.112,4,Output Off Event,Sound #1,,16,0,,,,,,,,,,
3544.112,4,Output Off Event,Sound #2,,16,0,,,,,,,,,,
3544.112,4,Output Off Event,Sound #3,,16,0,,,,,,,,,,
3544.112,7,Pulse Output Event,Sound_On #1,,16,1,Duration,0,,,,,,,,
3544.112,21,Group Change Event,Group Change,,16,1,New Group,17,,,,,,,,
3544.41,39,Input Transition Off Event,Tray #1,,17,0,,,,,,,,,,
3544.411,1,Condition Event,Tray Exit Starts Correction Trial,,17,0,,,,,,,,,,
3544.411,16,Variable Event,Total_No_Correction_Trials,,17,1,Value,55,,,,,,,,
3544.411,21,Group Change Event,Group Change,,17,1,New Group,6,,,,,,,,
3544.411,1,Condition Event,Display Images,,6,0,,,,,,,,,,
3544.411,32,Whisker - Display Image,Bussey Mouse Operant Mode 3 x 1 x low,Images,6,2,Position,1,Image 1,0,,,,,,
3544.411,32,Whisker - Display Image,Bussey Mouse Operant Mode 3 x 1 x low,Images,6,2,Position,2,Image 3,2,,,,,,
3544.411,21,Group Change Event,Group Change,,6,1,New Group,7,,,,,,,,
3544.507,38,Input Transition On Event,Tray #1,,7,0,,,,,,,,,,
3544.552,39,Input Transition Off Event,Tray #1,,7,0,,,,,,,,,,
3544.773,39,Input Transition Off Event,BIRBeam #1,,7,0,,,,,,,,,,
3545.029,38,Input Transition On Event,FIRBeam #1,,7,0,,,,,,,,,,
3545.413,30,Touch Down Event,Bussey Mouse Operant Mode 3 x 1 x low,,7,4,Position,2,Image 3,2,CoordX,110,CoordY,212,,
3545.414,1,Condition Event,Incorrect,,7,0,,,,,,,,,,
3545.414,32,Whisker - Display Image,Bussey Mouse Operant Mode 3 x 1 x low,Background,7,2,Position,1,Image 1,0,,,,,,
3545.414,32,Whisker - Display Image,Bussey Mouse Operant Mode 3 x 1 x low,Background,7,2,Position,2,Image 1,0,,,,,,
3545.414,3,Output On Event,Sound #1,,7,0,,,,,,,,,,
3545.414,3,Output On Event,Sound #2,,7,0,,,,,,,,,,
3545.414,3,Output On Event,Sound #3,,7,0,,,,,,,,,,
3545.414,7,Pulse Output Event,Sound_On #1,,7,1,Duration,0,,,,,,,,
3545.414,29,Timer Event,Time_Out_Timer,,7,1,Value,0,,,,,,,,
3545.414,21,Group Change Event,Group Change,,7,1,New Group,10,,,,,,,,
3545.414,1,Condition Event,TO Houselight On,,10,0,,,,,,,,,,
3545.414,3,Output On Event,HouseLight #1,,10,0,,,,,,,,,,
3545.414,21,Group Change Event,Group Change,,10,1,New Group,11,,,,,,,,
3545.414,1,Condition Event,Sequential Correction Trials,,11,0,,,,,,,,,,
3545.414,16,Variable Event,Sequential_Correction_Trials,,11,1,Value,5,,,,,,,,
3545.414,16,Variable Event,Increment_this_trial,,11,1,Value,0,,,,,,,,
3545.414,21,Group Change Event,Group Change,,11,1,New Group,12,,,,,,,,
3545.414,1,Condition Event,Incorrect Trails to Correction Trial,,12,0,,,,,,,,,,
3545.414,16,Variable Event,Correction_Counter,,12,1,Value,6,,,,,,,,
3545.414,21,Group Change Event,Group Change,,12,1,New Group,18,,,,,,,,
3545.414,1,Condition Event,Change ITI time,,18,0,,,,,,,,,,
3545.414,16,Variable Event,ITI,,18,1,Value,20,,,,,,,,
3545.414,21,Group Change Event,Group Change,,18,1,New Group,13,,,,,,,,
3545.437,39,Input Transition Off Event,FIRBeam #1,,13,0,,,,,,,,,,
3545.512,31,Touch Up Event,Bussey Mouse Operant Mode 3 x 1 x low,,13,4,Position,2,Image 1,0,CoordX,104,CoordY,193,,
3546.691,30,Touch Down Event,Bussey Mouse Operant Mode 3 x 1 x low,,13,4,Position,2,Image 1,0,CoordX,81,CoordY,111,,
3547.069,31,Touch Up Event,Bussey Mouse Operant Mode 3 x 1 x low,,13,4,Position,2,Image 1,0,CoordX,99,CoordY,118,,
3547.305,38,Input Transition On Event,FIRBeam #1,,13,0,,,,,,,,,,
3550.345,39,Input Transition Off Event,FIRBeam #1,,13,0,,,,,,,,,,
3550.414,1,Condition Event,Time Out End,,13,0,,,,,,,,,,
3550.414,29,Timer Event,ITI_Timer,,13,1,Value,0,,,,,,,,
3550.414,21,Group Change Event,Group Change,,13,1,New Group,14,,,,,,,,
3550.414,1,Condition Event,Reset Houselight off,,14,0,,,,,,,,,,
3550.414,4,Output Off Event,HouseLight #1,,14,0,,,,,,,,,,
3550.414,21,Group Change Event,Group Change,,14,1,New Group,9,,,,,,,,
3551.048,38,Input Transition On Event,FIRBeam #1,,9,0,,,,,,,,,,
3553.989,39,Input Transition Off Event,FIRBeam #1,,9,0,,,,,,,,,,
3554.15,38,Input Transition On Event,FIRBeam #1,,9,0,,,,,,,,,,
3554.44,39,Input Transition Off Event,FIRBeam #1,,9,0,,,,,,,,,,
3555.493,38,Input Transition On Event,FIRBeam #1,,9,0,,,,,,,,,,
3557.252,39,Input Transition Off Event,FIRBeam #1,,9,0,,,,,,,,,,
3557.94,30,Touch Down Event,Bussey Mouse Operant Mode 3 x 1 x low,,9,4,Position,3,Image 1,0,CoordX,43,CoordY,110,,
3557.94,1,Condition Event,Right Screen Touches,,9,0,,,,,,,,,,
3557.94,16,Variable Event,Right_touches_during_ITI,,9,1,Value,56,,,,,,,,
3557.94,61,Group Maintain Event,Group Change,,9,1,New Group,9,,,,,,,,
3558.267,31,Touch Up Event,Bussey Mouse Operant Mode 3 x 1 x low,,9,4,Position,3,Image 1,0,CoordX,43,CoordY,154,,
3558.604,38,Input Transition On Event,FIRBeam #1,,9,0,,,,,,,,,,
3559.209,39,Input Transition Off Event,FIRBeam #1,,9,0,,,,,,,,,,
3559.918,38,Input Transition On Event,FIRBeam #1,,9,0,,,,,,,,,,
3561.163,39,Input Transition Off Event,FIRBeam #1,,9,0,,,,,,,,,,
3566.168,38,Input Transition On Event,FIRBeam #1,,9,0,,,,,,,,,,
3569.841,39,Input Transition Off Event,FIRBeam #1,,9,0,,,,,,,,,,
3570.088,38,Input Transition On Event,FIRBeam #1,,9,0,,,,,,,,,,
3570.414,1,Condition Event,Next trial,,9,0,,,,,,,,,,
3570.414,3,Output On Event,TrayLight #1,,9,0,,,,,,,,,,
3570.414,16,Variable Event,First_Trial,,9,1,Value,0,,,,,,,,
3570.414,16,Variable Event,First_Analysis,,9,1,Value,1,,,,,,,,
3570.414,16,Variable Event,ITI,,9,1,Value,20,,,,,,,,
3570.414,21,Group Change Event,Group Change,,9,1,New Group,15,,,,,,,,
3570.414,1,Condition Event,Start Correction Trial,,15,0,,,,,,,,,,
3570.414,16,Variable Event,Correction_Trial,,15,1,Value,1,,,,,,,,
3570.414,21,Group Change Event,Group Change,,15,1,New Group,16,,,,,,,,
3570.556,39,Input Transition Off Event,FIRBeam #1,,16,0,,,,,,,,,,
3577.606,38,Input Transition On Event,BIRBeam #1,,16,0,,,,,,,,,,
3578.719,39,Input Transition Off Event,BIRBeam #1,,16,0,,,,,,,,,,
3580.026,38,Input Transition On Event,FIRBeam #1,,16,0,,,,,,,,,,
3581.587,39,Input Transition Off Event,FIRBeam #1,,16,0,,,,,,,,,,
3581.746,38,Input Transition On Event,BIRBeam #1,,16,0,,,,,,,,,,
3582.208,39,Input Transition Off Event,BIRBeam #1,,16,0,,,,,,,,,,
3582.528,38,Input Transition On Event,FIRBeam #1,,16,0,,,,,,,,,,
3583.168,39,Input Transition Off Event,FIRBeam #1,,16,0,,,,,,,,,,
3583.825,38,Input Transition On Event,FIRBeam #1,,16,0,,,,,,,,,,
3584.189,39,Input Transition Off Event,FIRBeam #1,,16,0,,,,,,,,,,
3585.141,38,Input Transition On Event,BIRBeam #1,,16,0,,,,,,,,,,
3585.832,39,Input Transition Off Event,BIRBeam #1,,16,0,,,,,,,,,,
3587.933,38,Input Transition On Event,BIRBeam #1,,16,0,,,,,,,,,,
3588.491,38,Input Transition On Event,Tray #1,,16,0,,,,,,,,,,
3588.491,1,Condition Event,Tray Entry Noted,,16,0,,,,,,,,,,
3588.491,4,Output Off Event,TrayLight #1,,16,0,,,,,,,,,,
3588.491,4,Output Off Event,Sound #1,,16,0,,,,,,,,,,
3588.491,4,Output Off Event,Sound #2,,16,0,,,,,,,,,,
3588.491,4,Output Off Event,Sound #3,,16,0,,,,,,,,,,
3588.491,7,Pulse Output Event,Sound_On #1,,16,1,Duration,0,,,,,,,,
3588.491,21,Group Change Event,Group Change,,16,1,New Group,17,,,,,,,,
3588.74,39,Input Transition Off Event,Tray #1,,17,0,,,,,,,,,,
3588.74,1,Condition Event,Tray Exit Starts Correction Trial,,17,0,,,,,,,,,,
3588.74,16,Variable Event,Total_No_Correction_Trials,,17,1,Value,56,,,,,,,,
3588.74,21,Group Change Event,Group Change,,17,1,New Group,6,,,,,,,,
3588.741,1,Condition Event,Display Images,,6,0,,,,,,,,,,
3588.741,32,Whisker - Display Image,Bussey Mouse Operant Mode 3 x 1 x low,Images,6,2,Position,1,Image 1,0,,,,,,
3588.741,32,Whisker - Display Image,Bussey Mouse Operant Mode 3 x 1 x low,Images,6,2,Position,2,Image 3,2,,,,,,
3588.741,21,Group Change Event,Group Change,,6,1,New Group,7,,,,,,,,
3588.997,39,Input Transition Off Event,BIRBeam #1,,7,0,,,,,,,,,,
3589.236,38,Input Transition On Event,FIRBeam #1,,7,0,,,,,,,,,,
3589.867,39,Input Transition Off Event,FIRBeam #1,,7,0,,,,,,,,,,
3590.284,30,Touch Down Event,Bussey Mouse Operant Mode 3 x 1 x low,,7,4,Position,1,Image 1,0,CoordX,138,CoordY,182,,
3590.285,1,Condition Event,Correct,,7,0,,,,,,,,,,
3590.285,32,Whisker - Display Image,Bussey Mouse Operant Mode 3 x 1 x low,Background,7,2,Position,1,Image 1,0,,,,,,
3590.285,32,Whisker - Display Image,Bussey Mouse Operant Mode 3 x 1 x low,Background,7,2,Position,2,Image 1,0,,,,,,
3590.285,7,Pulse Output Event,Feeder #1,,7,1,Duration,0.28,,,,,,,,
3590.285,3,Output On Event,TrayLight #1,,7,0,,,,,,,,,,
3590.285,16,Variable Event,Correction_Counter,,7,1,Value,0,,,,,,,,
3590.285,21,Group Change Event,Group Change,,7,1,New Group,19,,,,,,,,
3590.285,1,Condition Event,Reset Sound Levels to Zero,,19,0,,,,,,,,,,
3590.285,4,Output Off Event,Sound #1,,19,0,,,,,,,,,,
3590.285,4,Output Off Event,Sound #2,,19,0,,,,,,,,,,
3590.285,4,Output Off Event,Sound #3,,19,0,,,,,,,,,,
3590.285,21,Group Change Event,Group Change,,19,1,New Group,20,,,,,,,,
3590.285,1,Condition Event,Adjust Sound Level 2,,20,0,,,,,,,,,,
3590.285,3,Output On Event,Sound #2,,20,0,,,,,,,,,,
3590.285,1,Condition Event,NoTone Fall Through,,20,0,,,,,,,,,,
3590.285,21,Group Change Event,Group Change,,20,1,New Group,21,,,,,,,,
3590.285,1,Condition Event,Play Tone,,21,0,,,,,,,,,,
3590.285,7,Pulse Output Event,Sound_On #1,,21,1,Duration,1,,,,,,,,
3590.285,21,Group Change Event,Group Change,,21,1,New Group,8,,,,,,,,
3590.285,1,Condition Event,Reset Correction Flag,,8,0,,,,,,,,,,
3590.285,16,Variable Event,Sequential_Correction_Trials,,8,1,Value,0,,,,,,,,
3590.285,16,Variable Event,Correction_Trial_Correct_Counter,,8,1,Value,10,,,,,,,,
3590.285,16,Variable Event,First_Analysis,,8,1,Value,0,,,,,,,,
3590.285,61,Group Maintain Event,Group Change,,8,1,New Group,8,,,,,,,,
3590.361,31,Touch Up Event,Bussey Mouse Operant Mode 3 x 1 x low,,8,4,Position,1,Image 1,0,CoordX,120,CoordY,193,,
3590.564,38,Input Transition On Event,FIRBeam #1,,8,0,,,,,,,,,,
3590.857,39,Input Transition Off Event,FIRBeam #1,,8,0,,,,,,,,,,
3591.005,38,Input Transition On Event,BIRBeam #1,,8,0,,,,,,,,,,
3591.299,38,Input Transition On Event,Tray #1,,8,0,,,,,,,,,,
3591.3,1,Condition Event,Reward Collected Start ITI,,8,0,,,,,,,,,,
3591.3,4,Output Off Event,TrayLight #1,,8,0,,,,,,,,,,
3591.3,29,Timer Event,ITI_Timer,,8,1,Value,0,,,,,,,,
3591.3,21,Group Change Event,Group Change,,8,1,New Group,9,,,,,,,,
3594.341,39,Input Transition Off Event,Tray #1,,9,0,,,,,,,,,,
3594.833,39,Input Transition Off Event,BIRBeam #1,,9,0,,,,,,,,,,
3595.776,38,Input Transition On Event,FIRBeam #1,,9,0,,,,,,,,,,
3597.222,39,Input Transition Off Event,FIRBeam #1,,9,0,,,,,,,,,,
3597.836,38,Input Transition On Event,FIRBeam #1,,9,0,,,,,,,,,,
3598.284,39,Input Transition Off Event,FIRBeam #1,,9,0,,,,,,,,,,
3600,21,Group Change Event,Group Change,,9,1,New Group,22,,,,,,,,
3600,16,Variable Event,_Schedule_Timer,,22,1,Value,3600,,,,,,,,
3600,16,Variable Event,_Trial_Timer,,22,1,Value,0,,,,,,,,
3600,16,Variable Event,ITI_Timer,,22,1,Value,8.701,,,,,,,,
3600,16,Variable Event,Time_Out_Timer,,22,1,Value,54.586,,,,,,,,
3600,9999,Schedule Shutdown Event,(SYSTEM),,22,0,,,,,,,,,,
